,upper,lower,pred,obs,type,variable
0,78.52374,57.88428,68.20401,34.65,Calibration,clay
1,65.82812,45.573936,55.701027,55.04,Calibration,clay
2,55.36509,35.155533,45.26031,43.02,Calibration,clay
3,66.19186,42.546913,54.369385,59.73,Calibration,clay
4,25.379818,4.927577,15.153698,12.0,Calibration,clay
5,45.830635,25.44986,35.640247,37.5,Calibration,clay
6,15.367037,-5.515848,4.9255943,2.0,Calibration,clay
7,22.522137,1.009902,11.766019,8.0,Calibration,clay
8,30.648794,10.364668,20.506731,20.0,Calibration,clay
9,14.348539,-5.4512672,4.448636,1.0,Calibration,clay
10,15.401852,-4.7009387,5.3504567,4.19,Calibration,clay
11,18.580439,-1.1792889,8.700575,7.81,Calibration,clay
12,40.473526,20.368572,30.42105,35.61,Calibration,clay
13,32.39161,11.916201,22.153906,22.0,Calibration,clay
14,30.51704,10.649059,20.58305,19.0,Calibration,clay
15,14.421604,-5.592024,4.41479,2.0,Calibration,clay
16,22.59114,2.3075838,12.449362,12.0,Calibration,clay
17,53.882103,33.140747,43.511425,47.0,Calibration,clay
18,21.98258,2.4410152,12.211798,7.84,Calibration,clay
19,56.057358,35.812126,45.934742,46.23,Calibration,clay
20,14.734598,-5.460577,4.6370106,0.01,Calibration,clay
21,15.388472,-4.0776496,5.6554112,5.0,Calibration,clay
22,27.362892,7.3946466,17.378769,19.0,Calibration,clay
23,15.144474,-5.64129,4.751592,4.0,Calibration,clay
24,21.201393,1.6164789,11.408936,11.75,Calibration,clay
25,14.40774,-5.5767255,4.415507,2.0,Calibration,clay
26,63.165745,43.283062,53.224403,59.0,Calibration,clay
27,38.74464,17.974792,28.359716,28.0,Calibration,clay
28,31.505836,11.84485,21.675343,22.0,Calibration,clay
29,59.941566,40.11972,50.030643,50.0,Calibration,clay
30,45.8565,25.89903,35.877766,36.0,Calibration,clay
31,14.149597,-5.398251,4.375673,1.0,Calibration,clay
32,36.97809,16.145737,26.561913,19.0,Calibration,clay
33,14.43498,-5.8529773,4.291002,0.01,Calibration,clay
34,53.453537,33.79821,43.625874,44.1,Calibration,clay
35,37.765923,17.278723,27.522324,33.06,Calibration,clay
36,29.57469,9.816267,19.695478,19.42,Calibration,clay
37,26.238836,6.1573353,16.198086,10.0,Calibration,clay
38,34.06871,14.269836,24.169273,24.0,Calibration,clay
39,14.722782,-5.5967402,4.563021,0.01,Calibration,clay
40,32.301235,10.825455,21.563345,19.48,Calibration,clay
41,47.113125,27.050785,37.081955,39.0,Calibration,clay
42,20.27538,-1.1558399,9.55977,11.0,Calibration,clay
43,18.765448,-4.7229686,7.0212398,6.0,Calibration,clay
44,35.139915,14.818169,24.979042,23.08,Calibration,clay
45,32.45088,11.832505,22.141691,22.0,Calibration,clay
46,33.39482,13.353769,23.374296,25.0,Calibration,clay
47,34.85667,14.872575,24.864622,27.0,Calibration,clay
48,22.356289,1.5587511,11.9575205,10.0,Calibration,clay
49,22.837894,2.8426218,12.840259,14.0,Calibration,clay
50,26.44189,6.720257,16.581074,13.93,Calibration,clay
51,28.886066,7.7523127,18.31919,16.0,Calibration,clay
52,29.487541,9.055061,19.271301,20.0,Calibration,clay
53,69.85036,48.541023,59.19569,59.21,Calibration,clay
54,33.148617,13.153699,23.151157,22.0,Calibration,clay
55,14.6891,-4.8095317,4.9397845,11.0,Calibration,clay
56,15.465211,-4.672139,5.396536,0.01,Calibration,clay
57,25.892075,4.947378,15.419726,14.0,Calibration,clay
58,50.387146,30.160975,40.27406,51.0,Calibration,clay
59,61.559456,41.572266,51.56586,50.0,Calibration,clay
60,14.995393,-5.22976,4.8828163,4.0,Calibration,clay
61,44.622,24.356985,34.489494,36.0,Calibration,clay
62,23.60791,2.7658262,13.186869,17.0,Calibration,clay
63,46.41784,26.35582,36.38683,30.57,Calibration,clay
64,25.368023,5.9536858,15.660854,14.0,Calibration,clay
65,20.391819,0.7764616,10.58414,13.18,Calibration,clay
66,50.430702,30.024544,40.227623,39.0,Calibration,clay
67,26.294142,6.3649197,16.32953,14.0,Calibration,clay
68,34.19085,14.395668,24.293259,25.0,Calibration,clay
69,19.245556,-2.5770044,8.334276,4.0,Calibration,clay
70,33.68219,12.568735,23.125463,25.0,Calibration,clay
71,79.92573,56.68197,68.30385,73.0,Calibration,clay
72,14.598623,-5.335275,4.6316743,6.0,Calibration,clay
73,23.606922,2.9765577,13.29174,7.85,Calibration,clay
74,35.224953,14.169611,24.697283,25.17,Calibration,clay
75,32.12742,11.908838,22.018127,22.0,Calibration,clay
76,18.596203,-1.4705076,8.562848,7.0,Calibration,clay
77,32.928776,12.430053,22.679415,22.0,Calibration,clay
78,30.40168,10.7642145,20.582947,19.0,Calibration,clay
79,61.560898,39.892014,50.726456,50.61,Calibration,clay
80,16.900496,-3.2373824,6.831557,7.0,Calibration,clay
81,29.350208,9.257573,19.30389,20.0,Calibration,clay
82,15.360345,-5.5172663,4.9215393,2.0,Calibration,clay
83,31.918388,10.892335,21.405361,20.0,Calibration,clay
84,48.24718,27.991268,38.119225,41.0,Calibration,clay
85,42.376347,21.487251,31.931799,36.0,Calibration,clay
86,42.09054,22.00304,32.04679,36.0,Calibration,clay
87,45.668785,25.692337,35.68056,38.0,Calibration,clay
88,14.785621,-5.1777887,4.803916,2.42,Calibration,clay
89,33.176865,12.668657,22.922762,4.0,Calibration,clay
90,22.03846,2.2819262,12.1601925,14.0,Calibration,clay
91,62.103874,42.213776,52.158825,58.07,Calibration,clay
92,32.997807,12.041816,22.519812,20.0,Calibration,clay
93,37.033012,17.091412,27.062212,28.0,Calibration,clay
94,48.44076,26.360348,37.400555,38.75,Calibration,clay
95,52.2783,32.403545,42.340923,42.85,Calibration,clay
96,16.729176,-3.5626764,6.583249,4.21,Calibration,clay
97,42.780136,22.955439,32.867786,34.0,Calibration,clay
98,14.234171,-5.3656545,4.434258,2.0,Calibration,clay
99,47.839443,27.514866,37.677155,38.0,Calibration,clay
100,36.466156,16.729763,26.59796,25.79,Calibration,clay
101,15.943548,-4.4415154,5.751016,4.0,Calibration,clay
102,29.010735,9.10147,19.056103,18.0,Calibration,clay
103,35.375805,14.82739,25.101597,24.0,Calibration,clay
104,38.80543,18.183533,28.494482,31.44,Calibration,clay
105,32.68064,12.749781,22.715212,17.39,Calibration,clay
106,50.30684,30.59687,40.451855,41.0,Calibration,clay
107,14.459972,-5.111465,4.674254,0.6,Calibration,clay
108,18.883648,-1.5320024,8.675823,8.0,Calibration,clay
109,63.430286,43.086216,53.25825,55.0,Calibration,clay
110,29.42294,8.912433,19.167686,18.87,Calibration,clay
111,30.50386,10.919377,20.711618,13.0,Calibration,clay
112,24.731762,0.8934622,12.812613,18.99,Calibration,clay
113,27.752151,5.83727,16.79471,16.96,Calibration,clay
114,23.534786,2.18653,12.860658,8.0,Calibration,clay
115,83.66036,62.7528,73.20658,64.84,Calibration,clay
116,51.513664,31.700424,41.607044,43.05,Calibration,clay
117,43.827976,23.615917,33.721947,40.0,Calibration,clay
118,33.31537,12.265127,22.790249,23.0,Calibration,clay
119,38.080986,18.093853,28.08742,29.0,Calibration,clay
120,33.683247,13.492416,23.587831,23.0,Calibration,clay
121,38.43613,18.391487,28.413809,29.0,Calibration,clay
122,17.645706,-2.4066052,7.61955,10.53,Calibration,clay
123,38.597126,18.354984,28.476055,27.0,Calibration,clay
124,34.2041,14.00258,24.10334,22.0,Calibration,clay
125,29.776917,9.623704,19.70031,20.0,Calibration,clay
126,58.083984,38.050117,48.06705,51.0,Calibration,clay
127,20.755825,1.0208588,10.888342,12.55,Calibration,clay
128,26.752146,6.5309315,16.641539,17.0,Calibration,clay
129,31.748337,11.713019,21.730679,22.0,Calibration,clay
130,33.06638,12.750518,22.90845,24.0,Calibration,clay
131,56.4562,36.46132,46.45876,48.0,Calibration,clay
132,26.020853,6.204092,16.112473,15.0,Calibration,clay
133,27.454159,7.3595543,17.406857,13.0,Calibration,clay
134,69.21787,48.094894,58.656384,54.0,Calibration,clay
135,30.952868,10.951075,20.951971,21.0,Calibration,clay
136,14.604013,-5.115992,4.7440104,6.57,Calibration,clay
137,48.81833,28.516373,38.66735,38.0,Calibration,clay
138,50.059437,29.67104,39.86524,42.64,Calibration,clay
139,18.210655,-2.2340689,7.9882936,10.76,Calibration,clay
140,48.16497,28.093796,38.129383,40.0,Calibration,clay
141,17.928505,-1.7324009,8.098052,9.0,Calibration,clay
142,29.562807,9.053286,19.308046,16.0,Calibration,clay
143,20.315626,0.15218353,10.233905,13.0,Calibration,clay
144,32.95879,12.124736,22.541763,20.08,Calibration,clay
145,37.643673,14.267543,25.955608,26.65,Calibration,clay
146,28.251007,7.7029867,17.976997,21.0,Calibration,clay
147,22.307693,2.5622149,12.434955,11.0,Calibration,clay
148,29.490942,9.167913,19.329428,19.0,Calibration,clay
149,42.201164,22.325998,32.26358,36.0,Calibration,clay
150,14.51376,-5.384686,4.5645366,2.0,Calibration,clay
151,24.143818,4.214513,14.179165,10.0,Calibration,clay
152,36.284756,16.329304,26.30703,25.42,Calibration,clay
153,29.941473,10.253374,20.097424,19.0,Calibration,clay
154,50.73242,30.08725,40.409836,33.0,Calibration,clay
155,54.422165,34.07524,44.248703,46.71,Calibration,clay
156,17.085455,-2.6766858,7.2043843,6.93,Calibration,clay
157,65.43245,43.67148,54.551964,54.69,Calibration,clay
158,65.0999,44.393124,54.746513,55.41,Calibration,clay
159,33.77845,13.954062,23.866257,26.0,Calibration,clay
160,50.036762,29.247082,39.641922,45.0,Calibration,clay
161,35.288967,15.440125,25.364546,25.0,Calibration,clay
162,29.439392,9.614445,19.526918,18.0,Calibration,clay
163,42.751682,22.852573,32.802128,24.0,Calibration,clay
164,23.43518,3.3128576,13.374019,12.0,Calibration,clay
165,27.562126,7.8271523,17.69464,17.0,Calibration,clay
166,29.603607,9.270362,19.436985,19.29,Calibration,clay
167,29.924736,9.136165,19.53045,11.0,Calibration,clay
168,36.37284,15.797186,26.085012,28.0,Calibration,clay
169,27.43164,5.801408,16.616524,17.0,Calibration,clay
170,27.355639,7.314539,17.335089,17.0,Calibration,clay
171,24.674755,2.8361816,13.755468,12.0,Calibration,clay
172,26.790785,6.8926373,16.841711,23.77,Calibration,clay
173,36.245636,16.180338,26.212986,28.0,Calibration,clay
174,53.335022,33.422905,43.378963,43.0,Calibration,clay
175,35.669357,15.513447,25.591402,24.0,Calibration,clay
176,35.980194,15.883707,25.931952,26.0,Calibration,clay
177,26.045202,4.30328,15.174241,16.0,Calibration,clay
178,29.052425,8.77493,18.913677,22.0,Calibration,clay
179,32.116493,11.200475,21.658484,18.0,Calibration,clay
180,33.420944,13.223809,23.322376,18.26,Calibration,clay
181,27.72031,7.9077177,17.814014,18.0,Calibration,clay
182,31.753206,10.128187,20.940697,25.67,Calibration,clay
183,30.470385,10.361784,20.416084,15.85,Calibration,clay
184,70.55159,49.934597,60.243095,52.48,Calibration,clay
185,31.342636,10.553859,20.948248,21.7,Calibration,clay
186,19.013876,-3.0440726,7.984902,6.0,Calibration,clay
187,14.476188,-5.357526,4.559331,4.86,Calibration,clay
188,20.722607,-1.6786909,9.521958,8.0,Calibration,clay
189,82.01206,59.08181,70.546936,74.11,Calibration,clay
190,29.551857,9.246368,19.399113,23.99,Calibration,clay
191,62.142803,41.815754,51.97928,53.03,Calibration,clay
192,39.641163,19.534412,29.587788,23.08,Calibration,clay
193,30.707695,10.545041,20.626368,28.0,Calibration,clay
194,19.319767,-1.0576591,9.131054,11.0,Calibration,clay
195,36.468624,15.677739,26.073181,29.0,Calibration,clay
196,16.6801,-4.2004337,6.239833,13.0,Calibration,clay
197,92.99331,70.824,81.90865,88.0,Calibration,clay
198,31.129261,10.0351715,20.582216,22.0,Calibration,clay
199,29.705914,8.572297,19.139105,16.0,Calibration,clay
200,33.76096,13.924812,23.842886,24.0,Calibration,clay
201,14.747206,-5.403046,4.6720796,6.67,Calibration,clay
202,67.47904,47.113632,57.296337,57.7,Calibration,clay
203,18.303041,-1.7394085,8.2818165,4.0,Calibration,clay
204,41.996155,21.43889,31.717522,39.0,Calibration,clay
205,31.192162,10.883274,21.037718,19.0,Calibration,clay
206,34.316956,14.552108,24.434532,25.0,Calibration,clay
207,65.40096,44.395668,54.898315,55.16,Calibration,clay
208,51.59809,31.186777,41.392433,36.07,Calibration,clay
209,19.740765,0.49747753,10.119122,15.89,Calibration,clay
210,47.19903,26.73991,36.96947,29.0,Calibration,clay
211,51.75536,32.12498,41.94017,40.12,Calibration,clay
212,30.778002,10.015547,20.396774,18.0,Calibration,clay
213,32.328907,11.764562,22.046734,22.0,Calibration,clay
214,14.52442,-5.6384435,4.442988,2.0,Calibration,clay
215,37.94926,18.180832,28.065046,31.0,Calibration,clay
216,28.69577,8.96522,18.830496,20.0,Calibration,clay
217,21.239845,1.5076094,11.373727,10.0,Calibration,clay
218,37.312294,18.032227,27.67226,26.0,Calibration,clay
219,14.54925,-5.356304,4.5964727,1.0,Calibration,clay
220,14.652262,-5.443421,4.60442,3.0,Calibration,clay
221,41.48963,20.03297,30.761301,35.71,Calibration,clay
222,33.49524,13.143657,23.319448,22.0,Calibration,clay
223,15.478797,-5.472459,5.003169,0.009999,Calibration,clay
224,32.66617,12.466476,22.566322,20.0,Calibration,clay
225,53.613144,33.45246,43.532803,43.02,Calibration,clay
226,65.863266,45.69721,55.78024,61.0,Calibration,clay
227,14.219782,-5.462869,4.3784566,2.970297,Calibration,clay
228,20.457056,-0.55537796,9.950839,9.0,Calibration,clay
229,36.404205,16.483297,26.44375,28.0,Calibration,clay
230,19.506996,-0.47970104,9.513647,5.0,Calibration,clay
231,32.305313,12.414232,22.359774,23.0,Calibration,clay
232,26.103897,6.0512085,16.077553,16.03,Calibration,clay
233,23.333118,3.1210718,13.227095,8.42,Calibration,clay
234,33.418568,13.204867,23.311718,24.0,Calibration,clay
235,26.473497,6.72336,16.598429,14.28,Calibration,clay
236,27.376602,7.345414,17.361008,17.77,Calibration,clay
237,15.266025,-4.5639124,5.351056,5.0,Calibration,clay
238,20.490036,-2.9934626,8.748287,10.0,Calibration,clay
239,31.583382,11.417333,21.500357,19.0,Calibration,clay
240,15.695021,-4.0543537,5.8203335,7.0,Calibration,clay
241,31.950132,11.320738,21.635435,20.0,Calibration,clay
242,76.00708,54.200245,65.10366,69.0,Calibration,clay
243,30.475494,10.552981,20.514238,19.0,Calibration,clay
244,34.824497,14.635137,24.729816,20.58,Calibration,clay
245,33.023384,12.713099,22.868242,26.0,Calibration,clay
246,19.04034,-0.34861755,9.345861,3.0,Calibration,clay
247,77.17395,56.290714,66.73233,68.0,Calibration,clay
248,44.58747,25.253328,34.9204,37.53,Calibration,clay
249,27.231266,6.9935656,17.112415,18.0,Calibration,clay
250,14.827173,-5.5601783,4.6334977,1.0,Calibration,clay
251,32.885834,12.548957,22.717396,20.98,Calibration,clay
252,14.608389,-5.695772,4.4563084,4.0,Calibration,clay
253,54.453297,34.64838,44.55084,36.57,Calibration,clay
254,16.210384,-3.6181378,6.296123,3.99,Calibration,clay
255,18.448877,-2.4599018,7.994488,1.72,Calibration,clay
256,15.306124,-4.9860873,5.1600184,4.0,Calibration,clay
257,16.616932,-3.1906953,6.713118,7.0,Calibration,clay
258,36.08362,16.161161,26.12239,24.0,Calibration,clay
259,37.122795,16.541115,26.831955,27.0,Calibration,clay
260,24.760004,5.3040276,15.032016,15.09,Calibration,clay
261,16.898846,-2.9316998,6.983573,6.0,Calibration,clay
262,14.221539,-5.288404,4.4665675,2.49,Calibration,clay
263,30.086815,10.085003,20.085909,18.0,Calibration,clay
264,29.587212,9.895424,19.741318,22.0,Calibration,clay
265,33.00786,13.172738,23.090298,18.0,Calibration,clay
266,18.314949,-4.7136354,6.8006573,1.0,Calibration,clay
267,30.934189,10.480938,20.707563,22.0,Calibration,clay
268,25.79126,5.7418556,15.766558,17.0,Calibration,clay
269,17.316727,-2.5682302,7.374248,7.04,Calibration,clay
270,53.620857,32.62661,43.123734,47.0,Calibration,clay
271,34.597065,13.587833,24.09245,30.0,Calibration,clay
272,21.293304,1.7715368,11.532421,13.63,Calibration,clay
273,23.97354,3.8790264,13.926283,14.0,Calibration,clay
274,17.306757,-2.22125,7.5427537,3.94,Calibration,clay
275,25.885296,5.84321,15.864253,20.0,Calibration,clay
276,38.483944,17.75071,28.117327,24.62,Calibration,clay
277,37.894386,18.142578,28.018482,27.0,Calibration,clay
278,68.05034,47.822014,57.936176,58.72,Calibration,clay
279,15.842039,-4.8140626,5.513988,1.0,Calibration,clay
280,60.68862,39.86376,50.27619,40.26,Calibration,clay
281,25.885296,6.287197,16.086246,13.0,Calibration,clay
282,32.54091,12.181491,22.3612,19.57,Calibration,clay
283,58.425552,37.784317,48.104935,50.61,Calibration,clay
284,29.438366,9.064639,19.251503,15.76,Calibration,clay
285,90.47912,68.671455,79.57529,83.0,Calibration,clay
286,37.290264,17.146103,27.218184,30.0,Calibration,clay
287,33.788113,12.670681,23.229397,20.0,Calibration,clay
288,41.046505,20.953358,30.999931,30.0,Calibration,clay
289,29.1106,8.824767,18.967684,13.0,Calibration,clay
290,34.900536,15.078557,24.989546,25.0,Calibration,clay
291,59.292465,37.50492,48.398693,44.81,Calibration,clay
292,34.654205,14.773739,24.713972,29.0,Calibration,clay
293,28.161188,8.167154,18.164171,17.0,Calibration,clay
294,35.51789,15.685828,25.60186,28.0,Calibration,clay
295,45.30835,24.744934,35.02664,34.27,Calibration,clay
296,31.550562,10.173094,20.861828,21.0,Calibration,clay
297,24.911423,4.9987574,14.95509,12.0,Calibration,clay
298,37.14254,17.062939,27.10274,21.76,Calibration,clay
299,40.628292,20.445751,30.537022,32.0,Calibration,clay
300,35.248985,15.5225725,25.385778,29.0,Calibration,clay
301,34.32683,14.518191,24.422512,24.0,Calibration,clay
302,20.425392,0.87722874,10.651311,9.24,Calibration,clay
303,17.845486,-1.7501001,8.047693,6.0,Calibration,clay
304,31.32938,11.391766,21.360573,22.0,Calibration,clay
305,41.797424,22.176708,31.987066,25.0,Calibration,clay
306,46.7186,26.814754,36.766678,33.0,Calibration,clay
307,34.68268,14.399877,24.541277,27.0,Calibration,clay
308,59.32724,38.564194,48.945717,49.0,Calibration,clay
309,20.667202,0.96492386,10.816063,15.0,Calibration,clay
310,33.20169,12.344936,22.773314,24.0,Calibration,clay
311,62.624424,42.420086,52.522255,53.0,Calibration,clay
312,27.972797,7.7621374,17.867468,14.0,Calibration,clay
313,81.67941,59.35379,70.5166,70.0,Calibration,clay
314,41.70381,21.812534,31.758173,36.0,Calibration,clay
315,39.37619,18.5762,28.976196,29.0,Calibration,clay
316,14.337662,-5.590838,4.3734117,3.0,Calibration,clay
317,74.13539,53.43319,63.78429,53.0,Calibration,clay
318,21.356909,0.055921555,10.706415,10.0,Calibration,clay
319,25.866024,5.6747503,15.770387,13.0,Calibration,clay
320,23.602375,3.6102724,13.606323,13.35,Calibration,clay
321,24.083216,1.8563423,12.969779,11.01,Calibration,clay
322,38.68925,18.388268,28.53876,28.0,Calibration,clay
323,34.960693,15.338608,25.14965,23.0,Calibration,clay
324,38.165813,18.503025,28.33442,27.0,Calibration,clay
325,70.404366,49.602154,60.003258,64.72,Calibration,clay
326,40.757946,20.872131,30.815039,34.0,Calibration,clay
327,38.701828,17.978592,28.34021,26.0,Calibration,clay
328,25.279568,5.11432,15.196943,12.89,Calibration,clay
329,42.39553,21.932615,32.164074,33.0,Calibration,clay
330,19.61264,-0.23048878,9.691075,11.71,Calibration,clay
331,33.777798,13.709706,23.743752,25.99,Calibration,clay
332,31.824305,12.034182,21.929243,23.0,Calibration,clay
333,30.264267,9.977852,20.12106,16.0,Calibration,clay
334,36.239994,16.404846,26.32242,21.8,Calibration,clay
335,18.397667,-1.7967587,8.300454,9.49,Calibration,clay
336,31.11404,11.698483,21.406261,25.0,Calibration,clay
337,18.9541,-1.1348133,8.909643,9.0,Calibration,clay
338,29.918194,8.504611,19.211403,14.92,Calibration,clay
339,32.30495,12.41029,22.35762,25.0,Calibration,clay
340,81.91598,59.65998,70.78798,75.0,Calibration,clay
341,30.667328,10.274417,20.470873,20.42,Calibration,clay
342,46.429504,26.50859,36.469048,37.0,Calibration,clay
343,39.93692,19.069912,29.503416,33.0,Calibration,clay
344,39.05994,19.351067,29.205503,33.0,Calibration,clay
345,26.612877,7.0197363,16.816307,20.0,Calibration,clay
346,28.414429,7.775735,18.095081,21.0,Calibration,clay
347,15.835413,-3.9258666,5.9547734,3.64,Calibration,clay
348,39.133858,18.961945,29.047901,30.84,Calibration,clay
349,22.180897,1.554986,11.867942,7.0,Calibration,clay
350,66.47327,39.06165,52.76746,58.6,Calibration,clay
351,54.888744,34.711155,44.79995,46.65,Calibration,clay
352,14.342348,-5.1950336,4.5736575,3.06,Calibration,clay
353,15.848867,-4.2957797,5.776544,4.0,Calibration,clay
354,36.549294,16.407995,26.478643,23.24,Calibration,clay
355,41.896576,22.335045,32.11581,30.02,Calibration,clay
356,30.015694,9.7949915,19.905342,19.0,Calibration,clay
357,50.423,30.921162,40.67208,39.0,Calibration,clay
358,59.724075,38.849648,49.28686,39.06,Calibration,clay
359,40.7948,21.262598,31.028698,28.0,Calibration,clay
360,27.342327,7.084564,17.213446,13.0,Calibration,clay
361,27.249977,7.14299,17.196484,24.0,Calibration,clay
362,44.413948,23.352842,33.883396,29.9,Calibration,clay
363,25.964127,5.549285,15.756706,16.0,Calibration,clay
364,84.18229,63.174618,73.67845,65.0,Calibration,clay
365,37.91182,17.96437,27.938095,26.0,Calibration,clay
366,31.79235,11.240964,21.516657,21.0,Calibration,clay
367,33.414646,13.692336,23.553492,26.0,Calibration,clay
368,37.312527,17.312527,27.312527,28.0,Calibration,clay
369,14.292683,-5.1813107,4.555686,1.5,Calibration,clay
370,31.307652,11.226939,21.267296,19.0,Calibration,clay
371,30.486662,10.287645,20.387154,19.0,Calibration,clay
372,45.293385,25.619366,35.456375,38.52,Calibration,clay
373,34.759747,14.868306,24.814026,25.06,Calibration,clay
374,53.156525,33.399986,43.278255,30.0,Calibration,clay
375,49.223537,28.906254,39.064896,46.0,Calibration,clay
376,17.787888,-2.5350456,7.626421,7.0,Calibration,clay
377,27.703835,7.138981,17.421408,12.0,Calibration,clay
378,16.3615,-3.1824656,6.5895176,1.18,Calibration,clay
379,27.594503,7.570509,17.582506,5.0,Calibration,clay
380,30.385406,10.689528,20.537468,16.0,Calibration,clay
381,23.80051,4.018939,13.909724,11.0,Calibration,clay
382,30.289724,10.432295,20.36101,23.0,Calibration,clay
383,48.934578,28.125534,38.530056,43.0,Calibration,clay
384,27.495342,7.109955,17.302649,15.0,Calibration,clay
385,22.282143,2.4313354,12.356739,10.0,Calibration,clay
386,28.001945,7.941243,17.971594,17.1,Calibration,clay
387,35.82274,16.052816,25.937777,27.42,Calibration,clay
388,21.89892,2.0461063,11.972513,12.0,Calibration,clay
389,33.146656,11.808108,22.477383,20.0,Calibration,clay
390,33.47194,13.351557,23.411749,25.52,Calibration,clay
391,48.91061,28.786282,38.848446,35.33,Calibration,clay
392,31.85299,11.853873,21.853432,25.0,Calibration,clay
393,16.03747,-5.847469,5.0950007,1.0,Calibration,clay
394,50.405685,30.215652,40.31067,41.88,Calibration,clay
395,15.55475,-4.3925204,5.5811152,8.0,Calibration,clay
396,47.7575,28.138403,37.947952,36.27,Calibration,clay
397,23.529236,3.7179747,13.623606,13.0,Calibration,clay
398,75.60063,54.972836,65.286736,64.04,Calibration,clay
399,36.468666,15.620056,26.044361,27.0,Calibration,clay
400,27.529598,5.858203,16.693901,13.74,Calibration,clay
401,14.33061,-5.1250167,4.602797,3.36,Calibration,clay
402,17.62783,-2.1314492,7.7481904,6.060606,Calibration,clay
403,15.36834,-5.0935807,5.137379,1.31,Calibration,clay
404,33.581818,13.291163,23.436491,24.0,Calibration,clay
405,31.334337,10.543802,20.93907,12.95,Calibration,clay
406,14.308691,-5.343828,4.4824314,1.73,Calibration,clay
407,35.081406,15.074657,25.078032,27.0,Calibration,clay
408,37.994427,17.11927,27.556849,29.0,Calibration,clay
409,23.43868,3.894888,13.666784,13.0,Calibration,clay
410,49.989986,29.815708,39.902847,43.0,Calibration,clay
411,14.04945,-5.3715796,4.3389354,1.0,Calibration,clay
412,23.781734,3.7991114,13.790423,10.0,Calibration,clay
413,31.12733,10.864048,20.99569,27.0,Calibration,clay
414,30.199657,10.309535,20.254597,17.0,Calibration,clay
415,28.840715,8.960775,18.900745,19.0,Calibration,clay
416,36.956615,17.088364,27.02249,31.0,Calibration,clay
417,32.261303,12.50669,22.383997,23.0,Calibration,clay
418,28.42723,7.71437,18.0708,20.0,Calibration,clay
419,41.53402,21.661963,31.59799,28.0,Calibration,clay
420,36.066532,16.492012,26.279272,27.0,Calibration,clay
421,30.434322,9.746887,20.090605,20.0,Calibration,clay
422,35.954536,15.969001,25.96177,27.0,Calibration,clay
423,74.42678,53.74543,64.086105,53.0,Calibration,clay
424,89.34832,67.48322,78.41577,80.0,Calibration,clay
425,29.033672,9.037155,19.035414,16.0,Calibration,clay
426,31.831293,11.871992,21.851643,19.0,Calibration,clay
427,25.571545,5.3999968,15.48577,16.0,Calibration,clay
428,42.458767,22.921307,32.690037,29.74,Calibration,clay
429,31.308727,11.372379,21.340553,18.48,Calibration,clay
430,37.689777,17.821522,27.75565,28.18,Calibration,clay
431,29.13183,8.976187,19.054008,19.0,Calibration,clay
432,18.24141,-1.9220982,8.159656,9.0,Calibration,clay
433,22.146412,2.2875967,12.217005,16.0,Calibration,clay
434,30.387764,10.1122675,20.250015,24.0,Calibration,clay
435,46.9387,26.501064,36.719883,36.0,Calibration,clay
436,45.40368,25.552588,35.478134,34.0,Calibration,clay
437,76.191414,54.62658,65.409,65.0,Calibration,clay
438,29.185675,9.167097,19.176386,16.0,Calibration,clay
439,39.02803,18.685137,28.856583,25.0,Calibration,clay
440,53.78721,33.44252,43.614864,27.0,Calibration,clay
441,21.741722,1.1174021,11.429562,6.0,Calibration,clay
442,21.856419,1.5398054,11.698112,7.0,Calibration,clay
443,43.587055,23.832455,33.709755,35.0,Calibration,clay
444,14.557143,-5.4520216,4.552561,1.29,Calibration,clay
445,40.51101,19.782888,30.14695,29.0,Calibration,clay
446,14.686541,-5.008143,4.8391986,1.0,Calibration,clay
447,36.458275,14.775786,25.617031,26.0,Calibration,clay
448,15.182065,-4.6384726,5.271796,1.89,Calibration,clay
449,51.41385,31.00837,41.21111,41.81,Calibration,clay
450,33.88673,13.449014,23.667871,25.65,Calibration,clay
451,20.598862,0.78154373,10.690203,9.0,Calibration,clay
452,29.04535,8.717559,18.881454,17.0,Calibration,clay
453,40.48681,20.176762,30.331785,30.59,Calibration,clay
454,37.03093,16.954767,26.99285,24.0,Calibration,clay
455,51.16963,30.593693,40.88166,39.34,Calibration,clay
456,36.70119,16.253155,26.477173,28.0,Calibration,clay
457,18.453493,-1.3813953,8.536049,6.82,Calibration,clay
458,42.28283,21.825462,32.054146,35.25,Calibration,clay
459,15.714453,-4.013539,5.8504567,0.3,Calibration,clay
460,15.585935,-4.272025,5.656955,12.0,Calibration,clay
461,75.298904,54.67758,64.98824,71.0,Calibration,clay
462,36.36802,15.736702,26.05236,28.0,Calibration,clay
463,16.673409,-2.93044,6.8714848,2.0,Calibration,clay
464,54.315258,34.166332,44.240795,43.0,Calibration,clay
465,20.749794,-2.0189314,9.365432,7.0,Calibration,clay
466,31.219528,11.184754,21.20214,21.14,Calibration,clay
467,73.57887,52.450397,63.014633,63.0,Calibration,clay
468,38.43634,18.035006,28.235672,27.85,Calibration,clay
469,30.626017,10.905542,20.76578,21.07,Calibration,clay
470,24.466896,4.460305,14.4636,20.0,Calibration,clay
471,24.070023,4.060644,14.065333,7.0,Calibration,clay
472,67.04834,45.91074,56.47954,59.0,Calibration,clay
473,39.3256,18.616476,28.971037,27.27,Calibration,clay
474,32.585426,11.36578,21.975603,21.41,Calibration,clay
475,27.19958,7.4741726,17.336876,17.0,Calibration,clay
476,17.69713,-2.370377,7.6633763,6.6,Calibration,clay
477,30.073315,10.014549,20.043932,19.0,Calibration,clay
478,16.285095,-3.9599848,6.1625547,4.0,Calibration,clay
479,28.69603,8.427532,18.56178,12.0,Calibration,clay
480,33.30833,12.810794,23.059563,23.0,Calibration,clay
481,19.362282,-0.91001034,9.226136,10.0,Calibration,clay
482,17.303062,-2.9435234,7.1797695,5.0,Calibration,clay
483,41.187004,21.019306,31.103155,31.51,Calibration,clay
484,40.445198,20.323427,30.384314,32.0,Calibration,clay
485,93.49755,71.04743,82.27249,84.0,Calibration,clay
486,41.566223,21.374018,31.470121,28.94,Calibration,clay
487,35.67692,15.520661,25.598791,29.03,Calibration,clay
488,15.046288,-4.8218637,5.1122117,3.1,Calibration,clay
489,24.68805,4.400381,14.544215,18.56,Calibration,clay
490,35.151627,15.258909,25.205269,25.0,Calibration,clay
491,35.209644,14.761867,24.985756,25.0,Calibration,clay
492,25.580818,5.5263414,15.55358,16.0,Calibration,clay
493,52.233555,30.51019,41.371872,45.5,Calibration,clay
494,14.290216,-5.1562767,4.56697,2.1,Calibration,clay
495,26.163242,6.074257,16.11875,10.0,Calibration,clay
496,20.479593,-3.372963,8.553315,8.0,Calibration,clay
497,27.183899,7.423156,17.303528,20.0,Calibration,clay
498,29.77269,9.3392725,19.55598,22.0,Calibration,clay
499,46.785328,26.720715,36.75302,32.62,Calibration,clay
500,27.60506,7.566593,17.585827,18.0,Calibration,clay
501,35.826096,15.4494705,25.637783,27.0,Calibration,clay
502,28.042526,8.202128,18.122328,17.0,Calibration,clay
503,15.445989,-4.3840914,5.5309486,4.0,Calibration,clay
504,30.020073,9.904157,19.962114,22.11,Calibration,clay
505,28.622929,7.3231325,17.97303,16.0,Calibration,clay
506,14.980588,-4.756282,5.112153,5.0,Calibration,clay
507,16.584558,-3.3151183,6.6347203,6.4,Calibration,clay
508,25.780277,5.408229,15.594253,11.1,Calibration,clay
509,41.790676,21.046093,31.418385,34.3,Calibration,clay
510,49.064888,28.87452,38.969704,42.38,Calibration,clay
511,16.54323,-3.6008754,6.4711776,5.0,Calibration,clay
512,19.018858,-0.60672,9.206069,10.0,Calibration,clay
513,41.968452,21.702509,31.835482,34.14,Calibration,clay
514,24.186497,4.553047,14.369772,15.0,Calibration,clay
515,16.412806,-3.6887589,6.3620234,12.59,Calibration,clay
516,57.879738,37.523483,47.70161,46.73,Calibration,clay
517,42.517597,22.46014,32.48887,31.0,Calibration,clay
518,24.509739,4.5718994,14.540819,15.0,Calibration,clay
519,47.79834,28.31392,38.05613,42.85,Calibration,clay
520,15.964554,-3.859529,6.0525126,5.0,Calibration,clay
521,34.71449,14.658569,24.68653,23.0,Calibration,clay
522,19.939291,-0.4772377,9.731027,9.0,Calibration,clay
523,14.864173,-4.9598207,4.952176,1.0,Calibration,clay
524,14.57031,-5.390664,4.589823,1.59,Calibration,clay
525,21.600819,1.8170958,11.708957,10.74,Calibration,clay
526,29.975147,10.104196,20.03967,7.0,Calibration,clay
527,33.279896,11.980281,22.630089,15.0,Calibration,clay
528,15.274847,-5.751037,4.761905,1.0,Calibration,clay
529,41.15652,21.114513,31.135517,37.0,Calibration,clay
530,28.252098,7.6085463,17.930323,12.0,Calibration,clay
531,27.537134,7.4458866,17.49151,17.0,Calibration,clay
532,26.207418,5.573612,15.890515,11.29,Calibration,clay
533,18.30431,-1.7577391,8.273285,2.76,Calibration,clay
534,22.347584,2.1348467,12.241215,11.0,Calibration,clay
535,25.578867,5.640047,15.609457,15.0,Calibration,clay
536,14.51761,-5.7071104,4.4052496,1.0,Calibration,clay
537,22.720806,1.4246969,12.072751,12.0,Calibration,clay
538,44.180393,23.922695,34.051544,35.0,Calibration,clay
539,20.668781,0.1350317,10.401907,10.04,Calibration,clay
540,29.507511,9.842355,19.674932,21.0,Calibration,clay
541,33.458927,13.298081,23.378504,21.0,Calibration,clay
542,34.410526,14.31176,24.361143,25.0,Calibration,clay
543,31.869667,11.265175,21.567421,22.48,Calibration,clay
544,35.00164,13.929604,24.465622,26.0,Calibration,clay
545,27.481522,7.522727,17.502125,15.0,Calibration,clay
546,39.18104,18.378696,28.77987,26.29,Calibration,clay
547,25.004238,4.980522,14.99238,15.94,Calibration,clay
548,31.04947,11.153975,21.101723,28.04,Calibration,clay
549,34.160378,14.23117,24.195774,22.0,Calibration,clay
550,37.582268,16.98348,27.282875,25.0,Calibration,clay
551,32.791954,12.400637,22.596294,27.52,Calibration,clay
552,41.81881,20.646503,31.232656,32.0,Calibration,clay
553,71.29479,50.920143,61.107468,61.0,Calibration,clay
554,52.869713,32.767136,42.818424,52.0,Calibration,clay
555,33.251015,13.071602,23.161308,23.0,Calibration,clay
556,33.600876,13.132803,23.36684,22.0,Calibration,clay
557,32.496502,11.056542,21.776522,22.0,Calibration,clay
558,13.980335,-5.394644,4.2928457,2.7,Calibration,clay
559,26.08997,6.1269445,16.108458,13.0,Calibration,clay
560,52.58374,31.907402,42.24557,40.0,Calibration,clay
561,17.605965,-1.9385724,7.833696,9.0,Calibration,clay
562,37.3245,16.810085,27.067293,33.99,Calibration,clay
563,36.37156,15.56269,25.967125,24.0,Calibration,clay
564,14.172968,-5.422972,4.3749976,0.01,Calibration,clay
565,34.9981,15.118113,25.058105,28.0,Calibration,clay
566,18.81895,-1.1071615,8.855894,8.0,Calibration,clay
567,22.087952,0.601634,11.344793,8.0,Calibration,clay
568,70.02974,48.223965,59.126854,57.0,Calibration,clay
569,73.99537,53.32993,63.662647,58.0,Calibration,clay
570,49.219902,28.805008,39.012455,39.0,Calibration,clay
571,29.870584,10.241571,20.056078,22.03,Calibration,clay
572,18.439777,-2.4818168,7.9789805,6.0,Calibration,clay
573,14.240016,-5.9327536,4.153631,1.0,Calibration,clay
574,19.005634,-0.9854975,9.010069,9.0,Calibration,clay
575,21.112509,1.1908607,11.151685,9.0,Calibration,clay
576,30.71841,10.480699,20.599554,22.68,Calibration,clay
577,32.747093,12.66556,22.706326,23.0,Calibration,clay
578,29.102318,9.31657,19.209444,20.0,Calibration,clay
579,47.05006,26.973087,37.011574,38.0,Calibration,clay
580,21.837563,0.18370914,11.010636,7.0,Calibration,clay
581,14.383699,-5.4937797,4.44496,0.01,Calibration,clay
582,51.50003,31.443352,41.47169,43.0,Calibration,clay
583,57.2785,36.8598,47.06915,45.0,Calibration,clay
584,63.416378,42.99544,53.20591,54.0,Calibration,clay
585,19.462101,-0.6933174,9.384392,10.1,Calibration,clay
586,22.4234,1.7786751,12.101038,11.770001,Calibration,clay
587,32.90723,12.105412,22.50632,21.0,Calibration,clay
588,34.99578,15.256192,25.125986,23.0,Calibration,clay
589,18.34064,-2.5203433,7.910148,6.61,Calibration,clay
590,37.719494,17.37291,27.546202,26.0,Calibration,clay
591,34.257004,14.312775,24.28489,27.0,Calibration,clay
592,14.319211,-5.262681,4.528265,1.0,Calibration,clay
593,41.36271,20.4419,30.902306,31.0,Calibration,clay
594,15.845154,-5.25494,5.295107,1.0,Calibration,clay
595,23.105566,2.7767067,12.941136,10.89,Calibration,clay
596,56.664062,35.75154,46.2078,45.0,Calibration,clay
597,39.870453,19.83749,29.853971,29.0,Calibration,clay
598,43.18562,23.218952,33.202286,44.0,Calibration,clay
599,35.16999,15.301847,25.235918,26.49,Calibration,clay
600,38.035404,17.23579,27.635597,25.0,Calibration,clay
601,32.16461,12.614175,22.389393,21.79,Calibration,clay
602,26.643087,6.545027,16.594057,13.0,Calibration,clay
603,18.30536,-1.696785,8.304288,10.37,Calibration,clay
604,34.84939,14.133714,24.49155,21.0,Calibration,clay
605,18.714645,-1.2462254,8.73421,4.55,Calibration,clay
606,55.199917,35.385113,45.292515,50.0,Calibration,clay
607,21.977814,1.7511892,11.864502,7.0,Calibration,clay
608,17.159836,-3.568787,6.795524,3.0,Calibration,clay
609,22.425674,2.5231514,12.474413,15.0,Calibration,clay
610,49.435234,29.831383,39.63331,42.0,Calibration,clay
611,41.16556,21.283722,31.224642,29.08,Calibration,clay
612,50.822704,30.553616,40.68816,50.0,Calibration,clay
613,31.2801,10.698156,20.989128,22.0,Calibration,clay
614,29.438408,8.494901,18.966654,17.0,Calibration,clay
615,33.924034,13.693902,23.808968,24.0,Calibration,clay
616,33.902702,13.99286,23.94778,21.0,Calibration,clay
617,29.218344,8.991262,19.104803,21.0,Calibration,clay
618,19.692038,-0.08588219,9.803078,10.99,Calibration,clay
619,18.698227,-1.168313,8.764957,9.0,Calibration,clay
620,16.584707,-3.071607,6.7565503,7.0,Calibration,clay
621,31.436977,11.603444,21.52021,25.88,Calibration,clay
622,29.947712,8.775743,19.361727,19.0,Calibration,clay
623,19.134773,-0.34807587,9.393349,9.28,Calibration,clay
624,24.796482,2.1875334,13.492008,15.0,Calibration,clay
625,36.59973,15.713217,26.156475,24.78,Calibration,clay
626,14.260229,-5.270715,4.494757,2.09,Calibration,clay
627,18.987988,-0.7983732,9.094807,9.0,Calibration,clay
628,38.663418,18.886303,28.77486,23.0,Calibration,clay
629,32.835983,11.2628565,22.04942,27.0,Calibration,clay
630,45.492565,25.783169,35.637867,46.0,Calibration,clay
631,24.1306,2.7022848,13.416442,12.0,Calibration,clay
632,16.626198,-3.572517,6.5268407,5.0,Calibration,clay
633,14.209272,-5.3872566,4.411008,1.2,Calibration,clay
634,14.789496,-5.259488,4.765004,2.0,Calibration,clay
635,32.91236,13.497363,23.204863,24.0,Calibration,clay
636,52.041725,31.481733,41.76173,39.82,Calibration,clay
637,44.486046,24.066765,34.276405,33.98,Calibration,clay
638,49.516003,30.085514,39.80076,34.0,Calibration,clay
639,73.236694,52.935,63.08585,58.0,Calibration,clay
640,89.25797,67.53692,78.397446,78.0,Calibration,clay
641,45.39931,24.23682,34.818066,42.0,Calibration,clay
642,30.901936,10.27449,20.588213,21.02,Calibration,clay
643,37.6846,16.473724,27.079163,26.0,Calibration,clay
644,15.141116,-4.811692,5.164712,0.75,Calibration,clay
645,14.664251,-5.0756288,4.794311,4.0,Calibration,clay
646,36.356552,16.330006,26.343279,27.0,Calibration,clay
647,18.42281,-1.4502277,8.486291,6.0,Calibration,clay
648,21.634644,1.6521893,11.643416,9.59,Calibration,clay
649,32.12781,12.478901,22.303356,21.0,Calibration,clay
650,41.482708,21.391792,31.43725,30.98,Calibration,clay
651,28.173607,7.7580748,17.965841,18.0,Calibration,clay
652,41.95771,22.046652,32.002182,32.0,Calibration,clay
653,23.721436,3.3480587,13.534747,11.0,Calibration,clay
654,41.973923,22.210234,32.09208,35.0,Calibration,clay
655,51.645332,31.381243,41.513287,44.71,Calibration,clay
656,25.118069,5.403962,15.261016,12.2,Calibration,clay
657,24.696926,4.7459726,14.721449,15.0,Calibration,clay
658,57.384094,37.13714,47.260616,46.0,Calibration,clay
659,37.981346,17.886343,27.933846,20.0,Calibration,clay
660,16.343554,-4.441527,5.951013,2.16,Calibration,clay
661,43.264507,22.85307,33.05879,33.0,Calibration,clay
662,16.237135,-4.8386817,5.699227,0.78,Calibration,clay
663,15.530851,-4.6853538,5.422749,10.0,Calibration,clay
664,30.779003,9.970386,20.374695,23.0,Calibration,clay
665,36.13312,14.909431,25.521276,28.0,Calibration,clay
666,31.210964,11.181506,21.196236,22.0,Calibration,clay
667,26.627079,6.48298,16.555029,17.71,Calibration,clay
668,14.37956,-5.1446776,4.6174417,2.0,Calibration,clay
669,14.433067,-5.2904778,4.571295,3.22,Calibration,clay
670,36.40117,14.524054,25.462612,25.95,Calibration,clay
671,45.5753,24.526989,35.051144,30.0,Calibration,clay
672,14.721645,-5.5838685,4.568888,2.0,Calibration,clay
673,44.679092,24.680649,34.67987,35.0,Calibration,clay
674,33.07806,11.662992,22.370525,20.0,Calibration,clay
675,16.104244,-3.4358144,6.3342147,5.98,Calibration,clay
676,33.306427,13.428481,23.367455,24.0,Calibration,clay
677,28.693104,7.985016,18.33906,13.0,Calibration,clay
678,35.755306,14.998624,25.376965,26.0,Calibration,clay
679,45.74781,25.999603,35.873707,35.0,Calibration,clay
680,28.783962,7.343972,18.063967,15.92,Calibration,clay
681,14.180122,-5.4417706,4.369176,2.0,Calibration,clay
682,38.787315,18.24409,28.515703,28.0,Calibration,clay
683,14.1842785,-5.599096,4.2925916,1.0,Calibration,clay
684,22.971653,2.816268,12.89396,11.0,Calibration,clay
685,21.046234,0.9956331,11.020934,12.0,Calibration,clay
686,14.382168,-5.4966846,4.442742,2.6,Calibration,clay
687,22.3989,2.4509134,12.424906,11.72,Calibration,clay
688,65.344505,44.441624,54.893066,65.0,Calibration,clay
689,88.782845,65.77766,77.28025,87.0,Calibration,clay
690,16.560307,-4.1693015,6.1955028,3.0,Calibration,clay
691,35.901287,15.768196,25.834742,25.0,Calibration,clay
692,30.390537,9.41059,19.900564,23.0,Calibration,clay
693,46.65936,26.675488,36.667423,43.0,Calibration,clay
694,31.181171,11.410576,21.295874,20.0,Calibration,clay
695,38.476307,18.534302,28.505304,29.95,Calibration,clay
696,15.376715,-4.783384,5.2966657,8.0,Calibration,clay
697,44.193672,23.808334,34.001003,35.0,Calibration,clay
698,36.882713,15.814604,26.348658,23.58,Calibration,clay
699,57.570694,37.79574,47.683216,46.18,Calibration,clay
700,29.980005,8.521383,19.250694,22.15,Calibration,clay
701,38.73111,19.0925,28.911806,30.0,Calibration,clay
702,51.694393,30.977665,41.33603,41.0,Calibration,clay
703,32.782104,12.740372,22.761238,22.0,Calibration,clay
704,20.516626,-1.9760399,9.270293,4.0,Calibration,clay
705,38.8681,18.569977,28.719038,27.38,Calibration,clay
706,39.651234,19.191086,29.42116,28.32,Calibration,clay
707,31.200424,10.695183,20.947803,22.0,Calibration,clay
708,24.60602,4.0519657,14.328993,15.0,Calibration,clay
709,26.913963,6.9058657,16.909914,14.0,Calibration,clay
710,45.41039,25.33308,35.371735,37.0,Calibration,clay
711,31.25002,11.189279,21.219648,23.0,Calibration,clay
712,23.7323,3.8685493,13.800425,14.74,Calibration,clay
713,29.72978,9.5279255,19.628853,23.0,Calibration,clay
714,29.262278,8.901266,19.081772,18.01,Calibration,clay
715,22.627834,2.2254715,12.426653,8.21,Calibration,clay
716,17.376476,-2.799121,7.288677,11.0,Calibration,clay
717,44.26603,24.33252,34.299274,40.0,Calibration,clay
718,26.561749,6.27448,16.418114,14.0,Calibration,clay
719,40.24899,20.494194,30.371592,33.04,Calibration,clay
720,43.524498,23.198156,33.36133,36.08,Calibration,clay
721,38.079727,18.298687,28.189207,29.0,Calibration,clay
722,34.18392,13.89809,24.041006,22.0,Calibration,clay
723,25.908094,4.02388,14.965987,14.0,Calibration,clay
724,46.842438,26.379562,36.611,34.0,Calibration,clay
725,35.232517,15.103284,25.1679,23.0,Calibration,clay
726,35.067093,14.853999,24.960546,26.0,Calibration,clay
727,36.255672,16.319912,26.287792,27.0,Calibration,clay
728,31.230541,11.295483,21.263012,24.0,Calibration,clay
729,79.94403,58.84792,69.39597,71.0,Calibration,clay
730,37.930714,17.92524,27.927977,30.0,Calibration,clay
731,50.59367,30.526905,40.560287,45.0,Calibration,clay
732,53.46878,33.671997,43.57039,39.51,Calibration,clay
733,30.725407,10.798488,20.761948,20.67,Calibration,clay
734,46.411285,26.530481,36.470882,40.0,Calibration,clay
735,20.17872,0.7221737,10.450447,5.0,Calibration,clay
736,70.02755,49.55654,59.792046,59.0,Calibration,clay
737,43.76986,24.036636,33.903248,36.0,Calibration,clay
738,82.62742,61.38085,72.004135,70.0,Calibration,clay
739,26.122078,5.5108423,15.81646,13.0,Calibration,clay
740,53.571716,33.63273,43.602222,47.0,Calibration,clay
741,69.600296,48.567177,59.083736,61.08,Calibration,clay
742,23.670897,3.8776283,13.774262,14.0,Calibration,clay
743,49.97872,30.227112,40.102917,35.38,Calibration,clay
744,68.89745,47.631622,58.264538,60.0,Calibration,clay
745,51.541954,31.877998,41.709976,43.89,Calibration,clay
746,34.60534,13.123147,23.864243,23.0,Calibration,clay
747,15.738642,-3.7661896,5.986226,15.54,Calibration,clay
748,14.235525,-5.4688544,4.3833356,2.0,Calibration,clay
749,30.884357,10.816494,20.850426,28.01,Calibration,clay
750,36.20616,16.160553,26.183357,26.0,Calibration,clay
751,14.177845,-5.3730235,4.402411,2.17,Calibration,clay
752,48.99288,28.813385,38.903133,34.52,Calibration,clay
753,16.284967,-4.7673473,5.75881,5.0,Calibration,clay
754,53.878483,33.560375,43.71943,44.06,Calibration,clay
755,68.64633,47.97043,58.30838,58.0,Calibration,clay
756,14.156525,-5.5032353,4.3266444,4.0,Calibration,clay
757,61.087143,40.987656,51.0374,49.0,Calibration,clay
758,93.35912,71.01963,82.18938,82.0,Calibration,clay
759,25.395267,4.8362722,15.115769,13.3,Calibration,clay
760,17.445637,-2.797892,7.323872,3.0,Calibration,clay
761,41.12831,20.524673,30.826492,31.23,Calibration,clay
762,30.53142,10.721846,20.626633,20.77,Calibration,clay
763,45.275223,25.532717,35.40397,30.0,Calibration,clay
764,32.91664,11.2045765,22.06061,7.78,Calibration,clay
765,25.253927,5.269842,15.261885,16.0,Calibration,clay
766,19.278252,-0.6673565,9.305448,7.0,Calibration,clay
767,20.937551,1.0192776,10.978415,11.979999,Calibration,clay
768,62.65525,42.411125,52.533188,51.0,Calibration,clay
769,88.66045,67.43734,78.0489,79.0,Calibration,clay
770,31.155422,10.668815,20.912119,20.0,Calibration,clay
771,34.513172,13.898869,24.20602,25.0,Calibration,clay
772,60.892487,40.48178,50.687134,50.0,Calibration,clay
773,14.827255,-5.6341987,4.5965285,1.0,Calibration,clay
774,19.375895,-1.6692924,8.853301,10.0,Calibration,clay
775,30.657036,10.480517,20.568777,20.0,Calibration,clay
776,31.837572,11.594484,21.716028,22.0,Calibration,clay
777,14.07864,-5.356373,4.3611336,2.33,Calibration,clay
778,53.198463,33.164597,43.18153,42.42,Calibration,clay
779,34.81026,15.117664,24.963963,22.0,Calibration,clay
780,48.583527,28.48294,38.533234,32.49,Calibration,clay
781,33.107018,11.740763,22.423891,24.0,Calibration,clay
782,30.83474,10.747707,20.791224,24.54,Calibration,clay
783,30.74786,10.9840355,20.865948,24.0,Calibration,clay
784,28.991302,8.828151,18.909727,18.0,Calibration,clay
785,32.606853,12.353131,22.479992,24.0,Calibration,clay
786,14.306494,-5.337006,4.4847436,3.0,Calibration,clay
787,31.630756,11.732835,21.681795,25.0,Calibration,clay
788,39.502,19.252047,29.377024,24.5,Calibration,clay
789,34.01885,12.82771,23.423279,25.0,Calibration,clay
790,32.93023,13.212136,23.071182,26.0,Calibration,clay
791,32.459538,11.750931,22.105234,21.0,Calibration,clay
792,41.79435,21.569454,31.681902,31.0,Calibration,clay
793,18.956768,-0.8822584,9.037254,1.97,Calibration,clay
794,28.417156,7.839387,18.128271,18.0,Calibration,clay
795,41.418747,21.161406,31.290077,30.0,Calibration,clay
796,27.949337,8.390709,18.170023,14.42,Calibration,clay
797,32.729393,12.657017,22.693205,22.0,Calibration,clay
798,29.796246,9.664776,19.73051,11.69,Calibration,clay
799,73.317535,51.541508,62.42952,64.0,Calibration,clay
800,40.717148,19.822475,30.269812,28.53,Calibration,clay
801,32.79483,12.532782,22.663807,21.0,Calibration,clay
802,17.334732,-2.8906841,7.222024,9.0,Calibration,clay
803,39.74414,20.295765,30.019953,31.74,Calibration,clay
804,29.18126,9.230119,19.205688,19.0,Calibration,clay
805,16.559502,-3.2368622,6.6613197,1.07,Calibration,clay
806,31.665882,11.655736,21.660809,21.0,Calibration,clay
807,22.589203,2.3760424,12.482622,14.91,Calibration,clay
808,17.70917,-3.5639205,7.0726247,6.27,Calibration,clay
809,14.607934,-5.611226,4.498354,1.88,Calibration,clay
810,23.88402,4.317953,14.1009865,13.0,Calibration,clay
811,20.346977,0.31746006,10.332219,11.0,Calibration,clay
812,37.445213,17.273293,27.359253,26.0,Calibration,clay
813,29.18743,9.495939,19.341684,18.0,Calibration,clay
814,14.533585,-5.382,4.5757923,7.0,Calibration,clay
815,27.406881,7.704733,17.555807,17.0,Calibration,clay
816,18.451504,-1.7839136,8.333795,9.0,Calibration,clay
817,41.877018,21.688835,31.782927,37.0,Calibration,clay
818,25.589005,5.5522594,15.570632,11.0,Calibration,clay
819,81.20372,59.80768,70.5057,75.0,Calibration,clay
820,28.468502,8.229777,18.34914,29.83,Calibration,clay
821,17.682163,-2.3059473,7.6881075,5.0,Calibration,clay
822,74.33336,52.8631,63.59823,63.0,Calibration,clay
823,47.09221,26.120798,36.606503,39.0,Calibration,clay
824,58.166977,37.20395,47.685463,49.4,Calibration,clay
825,32.31792,12.11697,22.217445,20.0,Calibration,clay
826,23.496313,3.7857647,13.641039,12.0,Calibration,clay
827,29.381317,9.529765,19.455542,17.57,Calibration,clay
828,18.371841,-0.9442587,8.713791,4.68,Calibration,clay
829,29.877617,9.50177,19.689693,22.0,Calibration,clay
830,26.056175,6.5544424,16.30531,13.6,Calibration,clay
831,28.72321,8.410625,18.566917,20.0,Calibration,clay
832,41.138645,20.126507,30.632576,31.33,Calibration,clay
833,30.7988,10.574213,20.686506,22.0,Calibration,clay
834,15.197285,-5.5209026,4.838191,1.19,Calibration,clay
835,36.282074,15.718958,26.000517,17.0,Calibration,clay
836,59.255524,38.73726,48.99639,40.55,Calibration,clay
837,25.290443,5.563942,15.427193,19.0,Calibration,clay
838,28.330462,8.704412,18.517437,13.0,Calibration,clay
839,41.51561,21.492722,31.504166,32.59,Calibration,clay
840,58.206875,37.99036,48.098618,40.0,Calibration,clay
841,32.861557,12.593483,22.72752,22.0,Calibration,clay
842,90.98509,69.48834,80.23672,82.0,Calibration,clay
843,23.59047,2.8887959,13.239633,13.76,Calibration,clay
844,22.452068,2.5614357,12.506752,12.0,Calibration,clay
845,22.73392,3.2260933,12.980006,13.0,Calibration,clay
846,40.202778,19.80685,30.004814,32.0,Calibration,clay
847,35.184605,15.0549345,25.11977,28.0,Calibration,clay
848,25.184654,4.9119806,15.048318,15.42,Calibration,clay
849,22.442175,0.9580307,11.700103,12.0,Calibration,clay
850,31.45304,11.185656,21.319347,20.81,Calibration,clay
851,39.568733,19.680681,29.624706,33.0,Calibration,clay
852,28.374779,7.505718,17.940248,17.0,Calibration,clay
853,24.769493,2.9168024,13.843147,18.0,Calibration,clay
854,52.28834,32.46568,42.37701,40.0,Calibration,clay
855,37.78175,17.75198,27.766865,21.09,Calibration,clay
856,14.458959,-5.563445,4.447757,1.0,Calibration,clay
857,22.020882,1.8953257,11.958103,14.0,Calibration,clay
858,37.00656,16.929455,26.968008,24.73,Calibration,clay
859,24.303698,3.0794315,13.691565,12.0,Calibration,clay
860,19.610878,-0.15863228,9.726123,3.0,Calibration,clay
861,22.041958,2.489581,12.26577,9.0,Calibration,clay
862,25.658737,5.4774494,15.568093,20.0,Calibration,clay
863,71.90597,50.0065,60.956234,55.2,Calibration,clay
864,34.79539,15.199711,24.997551,25.0,Calibration,clay
865,50.338566,30.34364,40.341103,41.0,Calibration,clay
866,29.738613,9.784389,19.761501,21.0,Calibration,clay
867,32.635105,11.994134,22.31462,23.0,Calibration,clay
868,29.759342,8.82257,19.290956,23.15,Calibration,clay
869,29.033165,8.822289,18.927727,18.0,Calibration,clay
870,15.849009,-4.9688907,5.440059,3.0,Calibration,clay
871,21.03355,0.3399477,10.6867485,14.0,Calibration,clay
872,17.139662,-3.4373493,6.851156,5.52,Calibration,clay
873,33.414444,11.604882,22.509663,29.25,Calibration,clay
874,24.662079,4.743615,14.702847,12.0,Calibration,clay
875,60.500576,39.4219,49.96124,51.43,Calibration,clay
876,34.66074,14.777199,24.71897,25.0,Calibration,clay
877,58.169205,38.354385,48.261795,44.0,Calibration,clay
878,36.81418,16.65515,26.734665,29.37,Calibration,clay
879,17.71457,-2.3734941,7.670538,4.0,Calibration,clay
880,14.360077,-5.0572586,4.651409,3.0,Calibration,clay
881,38.337616,18.432346,28.384981,29.0,Calibration,clay
882,31.33791,10.930527,21.134218,25.0,Calibration,clay
883,34.825317,14.955252,24.890284,21.0,Calibration,clay
884,35.589836,15.204319,25.397078,26.0,Calibration,clay
885,52.64822,32.599087,42.623653,40.18,Calibration,clay
886,25.281734,5.1135187,15.197626,14.0,Calibration,clay
887,43.270386,23.001574,33.13598,35.22,Calibration,clay
888,28.16837,8.292842,18.230606,18.0,Calibration,clay
889,45.255043,25.663345,35.459194,35.0,Calibration,clay
890,24.776733,4.660511,14.718622,16.0,Calibration,clay
891,14.053835,-5.2490077,4.402414,5.26,Calibration,clay
892,26.478354,6.6588764,16.568615,19.0,Calibration,clay
893,36.108837,15.401603,25.75522,25.8,Calibration,clay
894,32.23975,11.282655,21.761202,23.0,Calibration,clay
895,36.686203,15.751558,26.218882,23.33,Calibration,clay
896,34.08297,12.6110735,23.347021,25.25,Calibration,clay
897,15.204298,-5.0827866,5.0607557,0.01,Calibration,clay
898,24.173729,4.3269615,14.250345,15.63,Calibration,clay
899,14.249523,-5.515594,4.366965,2.0,Calibration,clay
900,21.248535,-0.05017948,10.599177,4.0,Calibration,clay
901,27.057964,6.904705,16.981335,14.47,Calibration,clay
902,35.61959,15.284499,25.452045,24.0,Calibration,clay
903,26.577904,5.7806053,16.179255,12.0,Calibration,clay
904,33.0905,13.265385,23.177942,23.0,Calibration,clay
905,42.226288,22.317589,32.27194,38.0,Calibration,clay
906,32.815247,12.20456,22.509903,24.0,Calibration,clay
907,14.405584,-5.317812,4.543886,2.0,Calibration,clay
908,33.23663,12.946376,23.091503,22.0,Calibration,clay
909,34.698315,14.685162,24.691738,26.0,Calibration,clay
910,47.70126,27.577488,37.639374,35.19,Calibration,clay
911,42.053635,22.075668,32.06465,35.0,Calibration,clay
912,16.94302,-3.5665402,6.6882396,7.32,Calibration,clay
913,46.347683,26.292973,36.320328,35.86,Calibration,clay
914,39.865906,20.018997,29.942451,31.0,Calibration,clay
915,15.142818,-4.7896123,5.176603,3.0,Calibration,clay
916,15.821587,-4.892824,5.464381,5.7,Calibration,clay
917,22.130156,2.0342789,12.082217,9.0,Calibration,clay
918,29.048597,9.123781,19.08619,23.34,Calibration,clay
919,35.38788,15.94978,25.668829,20.0,Calibration,clay
920,29.586393,9.427542,19.506968,20.0,Calibration,clay
921,16.101933,-3.6464877,6.2277226,6.18,Calibration,clay
922,38.36056,17.402966,27.881763,25.0,Calibration,clay
923,37.56147,17.746458,27.653965,41.0,Calibration,clay
924,20.178421,-0.6880264,9.745197,10.0,Calibration,clay
925,22.820927,3.0908518,12.955889,12.51,Calibration,clay
926,30.036114,10.225438,20.130775,19.0,Calibration,clay
927,72.177025,52.279335,62.22818,61.05,Calibration,clay
928,32.97971,13.23467,23.10719,25.0,Calibration,clay
929,68.69425,46.933266,57.81376,66.0,Calibration,clay
930,29.32305,9.824144,19.573597,15.0,Calibration,clay
931,31.541702,11.973029,21.757366,23.5,Calibration,clay
932,44.796417,24.38134,34.58888,40.0,Calibration,clay
933,37.38813,17.82806,27.608095,24.66,Calibration,clay
934,39.643574,19.029053,29.336313,29.0,Calibration,clay
935,26.849564,7.070979,16.960272,20.0,Calibration,clay
936,37.99215,17.672415,27.832281,23.57,Calibration,clay
937,23.147057,3.4052935,13.276175,19.73,Calibration,clay
938,14.147497,-5.3097725,4.4188623,2.46,Calibration,clay
939,22.546463,0.47878647,11.512625,12.0,Calibration,clay
940,23.68404,3.1000605,13.392051,5.62,Calibration,clay
941,61.97164,41.72866,51.85015,48.0,Calibration,clay
942,32.484283,11.669939,22.07711,28.0,Calibration,clay
943,48.134567,28.272614,38.20359,37.0,Calibration,clay
944,31.152681,10.828001,20.990341,20.0,Calibration,clay
945,34.22944,14.341818,24.28563,18.46,Calibration,clay
946,14.033943,-5.8580804,4.087931,3.42,Calibration,clay
947,18.466677,-1.3495121,8.558582,9.0,Calibration,clay
948,16.65492,-5.98206,5.33643,3.0,Calibration,clay
949,29.701527,8.304344,19.002935,13.0,Calibration,clay
950,17.6932,-2.2049751,7.744112,6.85,Calibration,clay
951,33.874218,14.057132,23.965675,18.7,Calibration,clay
952,31.56879,10.415339,20.992065,19.44,Calibration,clay
953,15.506432,-3.9938889,5.7562714,3.0,Calibration,clay
954,19.861084,-0.37757397,9.7417555,6.13,Calibration,clay
955,28.72344,8.890219,18.80683,17.0,Calibration,clay
956,83.49105,62.54737,73.01921,69.0,Calibration,clay
957,20.953712,1.2031012,11.078407,8.37,Calibration,clay
958,24.509644,4.318716,14.41418,12.07,Calibration,clay
959,33.53338,11.732523,22.63295,22.25,Calibration,clay
960,30.720833,10.670314,20.695574,20.0,Calibration,clay
961,32.612137,11.86046,22.2363,20.0,Calibration,clay
962,32.632935,12.524973,22.578953,24.0,Calibration,clay
963,37.776585,17.967152,27.871868,28.0,Calibration,clay
964,31.068604,10.06051,20.564556,17.0,Calibration,clay
965,34.105743,14.241965,24.173855,26.0,Calibration,clay
966,50.872673,30.49742,40.685047,43.0,Calibration,clay
967,32.181347,11.447459,21.814404,21.0,Calibration,clay
968,24.00643,3.747591,13.87701,15.0,Calibration,clay
969,32.815178,11.694634,22.254906,20.0,Calibration,clay
970,39.374077,19.608042,29.49106,26.79,Calibration,clay
971,36.106194,15.81473,25.96046,23.0,Calibration,clay
972,27.438192,7.7086353,17.573414,18.0,Calibration,clay
973,16.228449,-3.4409242,6.393762,6.0,Calibration,clay
974,21.768545,2.3264542,12.0475,10.229999,Calibration,clay
975,22.382885,2.6652155,12.524051,11.229999,Calibration,clay
976,28.050808,8.253502,18.152155,17.82,Calibration,clay
977,24.923044,5.1614914,15.042268,17.0,Calibration,clay
978,22.014713,2.1352987,12.0750065,13.51,Calibration,clay
979,45.443905,25.075916,35.25991,36.27,Calibration,clay
980,28.568169,7.914711,18.24144,21.0,Calibration,clay
981,18.111254,-2.8866348,7.6123095,5.0,Calibration,clay
982,27.68486,6.4843063,17.084583,16.0,Calibration,clay
983,33.992836,14.214348,24.103592,22.0,Calibration,clay
984,16.074991,-4.5807853,5.747103,5.0,Calibration,clay
985,34.625183,14.419898,24.522541,26.0,Calibration,clay
986,14.313564,-5.12212,4.595722,4.35,Calibration,clay
987,60.931175,40.702896,50.817036,45.0,Calibration,clay
988,44.404423,23.18964,33.79703,40.06,Calibration,clay
989,41.4469,21.476553,31.461725,24.01,Calibration,clay
990,14.733778,-5.446879,4.6434493,0.01,Calibration,clay
991,19.53836,-3.7085524,7.9149036,2.0,Calibration,clay
992,17.52488,-2.2632246,7.630827,6.0,Calibration,clay
993,67.312546,46.24765,56.780098,52.13,Calibration,clay
994,39.86772,19.79471,29.831215,35.0,Calibration,clay
995,14.697591,-5.0093317,4.8441296,4.0,Calibration,clay
996,35.052036,15.31552,25.183779,25.0,Calibration,clay
997,15.413786,-4.6721516,5.370817,7.0,Calibration,clay
998,33.140545,13.351242,23.245893,22.0,Calibration,clay
999,27.231205,6.7711296,17.001167,14.0,Calibration,clay
1000,14.883818,-5.3307495,4.776534,3.46,Calibration,clay
1001,22.036835,1.5268488,11.781842,10.25,Calibration,clay
1002,28.036657,8.119932,18.078295,16.0,Calibration,clay
1003,59.959953,39.815254,49.887604,51.0,Calibration,clay
1004,16.02705,-4.5418344,5.7426076,2.0,Calibration,clay
1005,38.61262,18.713722,28.663172,32.0,Calibration,clay
1006,14.752396,-4.801508,4.975444,5.28,Calibration,clay
1007,17.056894,-3.0875897,6.984652,6.0,Calibration,clay
1008,30.005127,9.531341,19.768234,23.0,Calibration,clay
1009,87.36088,66.359886,76.86038,73.0,Calibration,clay
1010,30.963964,11.254362,21.109163,20.0,Calibration,clay
1011,25.812271,5.8206224,15.816446,16.92,Calibration,clay
1012,45.87797,25.730854,35.804413,32.56,Calibration,clay
1013,84.18569,62.91764,73.55167,66.0,Calibration,clay
1014,31.786507,10.3845825,21.085545,32.0,Calibration,clay
1015,14.374285,-5.6492047,4.36254,1.0,Calibration,clay
1016,28.159817,8.235007,18.197412,20.0,Calibration,clay
1017,14.504437,-5.185544,4.6594467,1.0,Calibration,clay
1018,25.587748,6.088295,15.838021,19.02,Calibration,clay
1019,32.27431,12.089078,22.181694,24.0,Calibration,clay
1020,49.045002,29.039295,39.04215,39.08,Calibration,clay
1021,30.792345,10.964003,20.878174,21.0,Calibration,clay
1022,14.967562,-4.5686874,5.199437,2.0,Calibration,clay
1023,56.489155,35.27403,45.88159,45.0,Calibration,clay
1024,36.34472,16.72386,26.53429,29.46,Calibration,clay
1025,34.9626,15.083961,25.023281,26.0,Calibration,clay
1026,33.281387,13.227699,23.254543,22.0,Calibration,clay
1027,42.849,22.061028,32.455013,38.05,Calibration,clay
1028,36.940266,16.60363,26.771948,25.0,Calibration,clay
1029,27.3336,7.2400217,17.28681,18.19,Calibration,clay
1030,30.107332,9.377745,19.742538,21.17,Calibration,clay
1031,23.43748,2.7074327,13.072457,16.0,Calibration,clay
1032,49.173294,29.398195,39.285744,37.0,Calibration,clay
1033,44.360924,24.023346,34.192135,34.52,Calibration,clay
1034,44.68037,24.219013,34.44969,36.0,Calibration,clay
1035,40.807816,20.509974,30.658894,31.0,Calibration,clay
1036,16.484488,-3.5918498,6.446319,4.0,Calibration,clay
1037,37.626472,17.080467,27.35347,28.0,Calibration,clay
1038,22.74477,2.581501,12.663136,13.0,Calibration,clay
1039,29.799541,9.894633,19.847088,16.0,Calibration,clay
1040,33.70374,13.002561,23.35315,17.01,Calibration,clay
1041,40.1111,19.872274,29.991688,31.0,Calibration,clay
1042,51.206196,31.35384,41.280018,31.19,Calibration,clay
1043,35.465683,14.8817625,25.173723,28.0,Calibration,clay
1044,23.585209,3.8935757,13.739392,14.0,Calibration,clay
1045,23.892572,3.932684,13.912628,12.0,Calibration,clay
1046,22.005238,2.0650902,12.035164,13.0,Calibration,clay
1047,25.809174,5.7517405,15.7804575,11.0,Calibration,clay
1048,27.745079,7.9545584,17.84982,18.0,Calibration,clay
1049,23.181732,2.7520227,12.966877,9.96,Calibration,clay
1050,18.23748,-1.83319,8.202145,10.0,Calibration,clay
1051,38.586655,18.122679,28.354668,34.0,Calibration,clay
1052,23.608936,3.5142918,13.561614,12.99,Calibration,clay
1053,48.429134,28.355473,38.392303,38.21,Calibration,clay
1054,35.938515,15.108572,25.523542,27.0,Calibration,clay
1055,33.300014,13.35498,23.327497,19.35,Calibration,clay
1056,25.933994,5.2519712,15.592982,20.0,Calibration,clay
1057,30.088116,10.432957,20.260536,19.0,Calibration,clay
1058,28.789787,8.785602,18.787695,20.0,Calibration,clay
1059,47.1491,27.418915,37.284008,40.11,Calibration,clay
1060,50.683907,29.773132,40.22852,45.2,Calibration,clay
1061,47.716236,27.549,37.632618,34.0,Calibration,clay
1062,16.199017,-4.2388406,5.9800878,5.27,Calibration,clay
1063,17.617159,-2.50244,7.557359,6.0,Calibration,clay
1064,32.335598,12.442122,22.38886,21.06,Calibration,clay
1065,39.722748,19.82577,29.77426,28.0,Calibration,clay
1066,35.017693,15.873558,25.445625,29.94,Calibration,clay
1067,33.679443,13.29981,23.489626,25.0,Calibration,clay
1068,36.759422,16.109486,26.434454,29.0,Calibration,clay
1069,42.994766,22.47432,32.734543,34.0,Calibration,clay
1070,14.857109,-5.5943627,4.631373,1.0,Calibration,clay
1071,24.02208,3.7039633,13.863021,12.86,Calibration,clay
1072,79.923615,54.800705,67.36216,74.0,Calibration,clay
1073,18.97879,-0.37006474,9.304363,9.0,Calibration,clay
1074,39.571598,18.990707,29.281153,27.31,Calibration,clay
1075,70.728455,50.17503,60.451744,61.09,Calibration,clay
1076,38.921654,19.332298,29.126976,30.0,Calibration,clay
1077,35.885708,15.4635515,25.67463,27.0,Calibration,clay
1078,17.880085,-1.6374369,8.121324,11.75,Calibration,clay
1079,37.324028,16.452589,26.888308,31.0,Calibration,clay
1080,72.95702,52.463856,62.710438,58.0,Calibration,clay
1081,15.180918,-4.7765136,5.2022023,0.01,Calibration,clay
1082,17.225773,-2.3322368,7.4467683,9.0,Calibration,clay
1083,27.857342,7.0714083,17.464375,17.0,Calibration,clay
1084,37.083363,16.577824,26.830593,30.0,Calibration,clay
1085,40.874165,20.595425,30.734795,28.21,Calibration,clay
1086,15.058259,-5.3138704,4.8721943,4.0,Calibration,clay
1087,21.913797,1.6918736,11.802835,12.0,Calibration,clay
1088,14.806675,-4.6170845,5.094795,1.21,Calibration,clay
1089,34.94092,14.871861,24.906391,22.0,Calibration,clay
1090,21.920792,1.7998667,11.860329,8.0,Calibration,clay
1091,24.727009,5.278777,15.002893,17.0,Calibration,clay
1092,41.345592,21.256355,31.300974,38.0,Calibration,clay
1093,67.07611,46.21672,56.646416,61.2,Calibration,clay
1094,39.423233,19.407927,29.41558,36.32,Calibration,clay
1095,34.276302,14.116378,24.19634,22.0,Calibration,clay
1096,45.41254,25.520763,35.466652,24.25,Calibration,clay
1097,40.299507,19.661392,29.98045,24.0,Calibration,clay
1098,46.098804,25.604877,35.85184,33.4,Calibration,clay
1099,39.658527,20.008171,29.83335,26.82,Calibration,clay
1100,54.942898,34.657093,44.799995,37.68,Calibration,clay
1101,43.851795,23.085728,33.46876,36.13,Calibration,clay
1102,41.242767,21.218756,31.230762,29.0,Calibration,clay
1103,41.861008,21.865173,31.86309,35.0,Calibration,clay
1104,42.189896,22.162888,32.17639,26.97,Calibration,clay
1105,39.46605,19.75977,29.61291,37.0,Calibration,clay
1106,27.158552,6.1459484,16.65225,13.0,Calibration,clay
1107,46.20997,25.656372,35.93317,34.43,Calibration,clay
1108,63.939735,42.588005,53.26387,59.66,Calibration,clay
1109,36.66591,16.70723,26.68657,29.0,Calibration,clay
1110,18.61045,-1.4738607,8.5682955,4.0,Calibration,clay
1111,32.174625,11.990003,22.082314,21.0,Calibration,clay
1112,52.0598,31.312937,41.686367,41.78,Calibration,clay
1113,15.307375,-4.3711267,5.468124,3.71,Calibration,clay
1114,29.593094,8.612901,19.102997,16.0,Calibration,clay
1115,55.811993,33.31528,44.563637,44.37,Calibration,clay
1116,31.32088,10.441967,20.881424,18.0,Calibration,clay
1117,56.51664,35.95997,46.238304,45.84,Calibration,clay
1118,24.760128,4.5423203,14.651224,13.0,Calibration,clay
1119,36.34865,16.018463,26.183558,25.0,Calibration,clay
1120,27.118355,6.4369116,16.777634,16.0,Calibration,clay
1121,23.601686,4.2626266,13.932157,11.53,Calibration,clay
1122,41.77463,21.218689,31.49666,35.0,Calibration,clay
1123,26.251278,6.26966,16.26047,13.0,Calibration,clay
1124,44.933495,25.033297,34.983395,38.0,Calibration,clay
1125,39.356728,17.871948,28.614338,32.64,Calibration,clay
1126,36.801727,16.764278,26.783003,28.96,Calibration,clay
1127,16.68491,-2.707285,6.9888124,9.29,Calibration,clay
1128,49.64496,29.80316,39.72406,41.0,Calibration,clay
1129,31.980022,11.867255,21.92364,22.0,Calibration,clay
1130,40.13996,20.174088,30.157024,30.0,Calibration,clay
1131,14.743474,-5.5178633,4.6128054,0.01,Calibration,clay
1132,30.455244,10.256651,20.355947,20.15,Calibration,clay
1133,50.60765,30.330294,40.46897,32.35,Calibration,clay
1134,49.87967,29.24627,39.56297,37.56,Calibration,clay
1135,27.795906,7.835273,17.81559,18.0,Calibration,clay
1136,14.560182,-5.025838,4.767172,1.0,Calibration,clay
1137,37.00814,17.108822,27.058481,26.15,Calibration,clay
1138,22.162289,2.444273,12.303281,9.72,Calibration,clay
1139,15.312626,-4.3048167,5.503905,5.0,Calibration,clay
1140,23.858889,3.668089,13.763489,12.0,Calibration,clay
1141,37.28928,16.737152,27.013216,28.0,Calibration,clay
1142,56.114544,36.103344,46.108944,41.32,Calibration,clay
1143,19.883541,-0.53540707,9.6740675,9.63,Calibration,clay
1144,49.04281,28.624151,38.83348,44.0,Calibration,clay
1145,37.142467,17.234955,27.188711,27.0,Calibration,clay
1146,43.0848,23.075958,33.08038,30.0,Calibration,clay
1147,30.928465,10.735743,20.832104,18.55,Calibration,clay
1148,20.414284,0.22496891,10.319627,12.0,Calibration,clay
1149,19.642935,-1.8273582,8.907788,5.0,Calibration,clay
1150,33.315228,13.487172,23.4012,23.0,Calibration,clay
1151,32.93169,13.208572,23.070131,26.0,Calibration,clay
1152,18.906166,-1.4562407,8.724963,5.0,Calibration,clay
1153,62.44928,42.401962,52.42562,55.0,Calibration,clay
1154,79.42966,57.000626,68.21514,69.0,Calibration,clay
1155,45.45186,24.869234,35.160545,33.0,Calibration,clay
1156,52.030487,31.808662,41.919575,39.22,Calibration,clay
1157,34.72378,14.031295,24.377539,24.44,Calibration,clay
1158,14.493662,-5.2277465,4.632958,1.4,Calibration,clay
1159,33.00288,13.106117,23.054499,23.0,Calibration,clay
1160,45.90895,25.917213,35.913082,32.0,Calibration,clay
1161,38.364555,17.96566,28.165108,27.0,Calibration,clay
1162,25.71035,6.1567183,15.933534,17.0,Calibration,clay
1163,41.03162,21.31086,31.17124,32.59,Calibration,clay
1164,40.28779,20.196136,30.241962,34.19,Calibration,clay
1165,33.88829,13.502057,23.695173,24.0,Calibration,clay
1166,25.396408,5.572669,15.484539,15.6,Calibration,clay
1167,40.042175,20.465656,30.253916,28.0,Calibration,clay
1168,47.544212,27.053612,37.298912,42.0,Calibration,clay
1169,79.164314,58.41404,68.78918,69.0,Calibration,clay
1170,14.609786,-5.340829,4.6344786,2.0,Calibration,clay
1171,36.272392,16.346867,26.30963,23.0,Calibration,clay
1172,24.642399,5.0430384,14.842718,13.0,Calibration,clay
1173,29.534576,8.56926,19.051918,24.0,Calibration,clay
1174,21.316208,1.4735136,11.394861,9.0,Calibration,clay
1175,38.23733,18.34962,28.293476,27.0,Calibration,clay
1176,41.762157,21.55481,31.658484,28.3,Calibration,clay
1177,20.11251,0.4496956,10.281103,11.78,Calibration,clay
1178,16.397327,-2.8996549,6.748836,9.05,Calibration,clay
1179,30.042738,10.125204,20.083971,21.0,Calibration,clay
1180,16.881605,-2.759438,7.0610833,7.0,Calibration,clay
1181,40.61377,20.458965,30.536367,26.0,Calibration,clay
1182,25.016815,5.174365,15.09559,9.49,Calibration,clay
1183,19.539164,-0.13038445,9.70439,10.0,Calibration,clay
1184,14.480356,-5.683546,4.398405,0.01,Calibration,clay
1185,38.637436,18.054861,28.34615,20.0,Calibration,clay
1186,37.954163,17.381453,27.667809,29.0,Calibration,clay
1187,91.10225,69.44325,80.27275,80.0,Calibration,clay
1188,59.923054,39.93204,49.927547,51.0,Calibration,clay
1189,26.977015,6.6703434,16.823679,16.0,Calibration,clay
1190,40.656345,20.248802,30.452574,30.0,Calibration,clay
1191,42.744877,23.148556,32.946716,34.0,Calibration,clay
1192,81.82464,60.303734,71.064186,73.0,Calibration,clay
1193,37.948746,17.455894,27.70232,29.79,Calibration,clay
1194,14.653029,-5.28881,4.68211,8.0,Calibration,clay
1195,50.48255,30.573578,40.528065,41.0,Calibration,clay
1196,25.96653,6.022374,15.9944515,17.0,Calibration,clay
1197,14.614878,-5.1521664,4.7313557,3.0,Calibration,clay
1198,35.47688,15.627042,25.55196,28.0,Calibration,clay
1199,15.966659,-3.8806086,6.043025,3.51,Calibration,clay
1200,37.37227,17.427029,27.399649,25.04,Calibration,clay
1201,47.632584,27.277716,37.45515,36.67,Calibration,clay
1202,22.766525,0.16560936,11.466067,13.0,Calibration,clay
1203,38.608112,18.394867,28.50149,31.0,Calibration,clay
1204,27.594318,7.982132,17.788225,18.0,Calibration,clay
1205,39.088406,18.40493,28.746668,25.0,Calibration,clay
1206,49.107723,29.165585,39.136654,37.13,Calibration,clay
1207,21.859077,2.0034418,11.93126,8.0,Calibration,clay
1208,30.004087,8.822676,19.413382,21.0,Calibration,clay
1209,28.298424,8.246765,18.272594,22.66,Calibration,clay
1210,36.811996,17.089718,26.950857,27.54,Calibration,clay
1211,25.47081,4.99113,15.230969,9.0,Calibration,clay
1212,29.73238,8.787285,19.259832,21.0,Calibration,clay
1213,15.285011,-4.177625,5.5536933,7.0,Calibration,clay
1214,14.8838825,-5.589834,4.647024,5.0,Calibration,clay
1215,36.83308,16.64605,26.739565,25.0,Calibration,clay
1216,31.27146,10.568277,20.919868,16.0,Calibration,clay
1217,29.611652,9.8762045,19.743929,19.02,Calibration,clay
1218,24.435432,4.416032,14.425733,14.0,Calibration,clay
1219,30.507618,10.300708,20.404163,16.0,Calibration,clay
1220,32.86393,12.817756,22.840843,20.0,Calibration,clay
1221,31.882883,12.120588,22.001736,24.0,Calibration,clay
1222,14.477228,-5.331041,4.573094,2.0,Calibration,clay
1223,36.187557,16.486603,26.33708,24.0,Calibration,clay
1224,37.867813,17.824585,27.846199,29.57,Calibration,clay
1225,17.030848,-2.5099397,7.2604537,5.0,Calibration,clay
1226,26.134392,5.6968822,15.915637,14.0,Calibration,clay
1227,19.297394,-1.7420673,8.777663,9.0,Calibration,clay
1228,44.195217,24.262524,34.22887,31.86,Calibration,clay
1229,24.471321,4.8537016,14.662512,15.0,Calibration,clay
1230,14.654726,-5.4029737,4.625876,2.0,Calibration,clay
1231,29.9612,10.427342,20.194271,23.0,Calibration,clay
1232,28.46334,8.830777,18.647058,18.0,Calibration,clay
1233,90.69986,68.59448,79.64717,82.0,Calibration,clay
1234,46.96392,26.531776,36.74785,34.0,Calibration,clay
1235,24.35666,4.254141,14.305401,9.01,Calibration,clay
1236,15.209518,-5.230393,4.9895625,2.0,Calibration,clay
1237,39.103897,18.160763,28.63233,27.62,Calibration,clay
1238,27.445747,5.8700056,16.657877,19.0,Calibration,clay
1239,48.750343,28.544817,38.64758,35.17,Calibration,clay
1240,23.82289,3.5251274,13.674008,15.0,Calibration,clay
1241,32.47563,12.109751,22.29269,18.0,Calibration,clay
1242,32.427982,12.479599,22.45379,23.0,Calibration,clay
1243,16.839626,-3.0657625,6.8869324,2.17,Calibration,clay
1244,31.980251,12.498375,22.239313,20.0,Calibration,clay
1245,23.108036,3.0878325,13.097935,18.51,Calibration,clay
1246,24.556967,4.5299835,14.543475,12.0,Calibration,clay
1247,28.44744,8.398916,18.423178,16.71,Calibration,clay
1248,31.74378,12.077837,21.910809,25.42,Calibration,clay
1249,24.779274,5.070222,14.924748,15.0,Calibration,clay
1250,34.8739,14.922989,24.898445,23.0,Calibration,clay
1251,24.287487,3.1969042,13.742195,10.0,Calibration,clay
1252,29.564491,9.629414,19.596952,19.0,Calibration,clay
1253,75.316246,54.649197,64.98272,56.15,Calibration,clay
1254,17.638443,-3.235221,7.2016106,5.0,Calibration,clay
1255,15.952416,-4.5879793,5.6822186,4.47,Calibration,clay
1256,40.675377,20.591064,30.63322,31.0,Calibration,clay
1257,14.313335,-5.693399,4.3099685,1.0,Calibration,clay
1258,29.116741,9.36835,19.242546,19.0,Calibration,clay
1259,80.32916,57.296112,68.81264,75.0,Calibration,clay
1260,28.295544,8.229653,18.262598,17.24,Calibration,clay
1261,40.325867,19.385704,29.855785,30.0,Calibration,clay
1262,32.797,12.678635,22.737818,18.0,Calibration,clay
1263,39.261894,19.518608,29.390251,31.0,Calibration,clay
1264,39.874146,19.113207,29.493677,29.0,Calibration,clay
1265,38.711254,17.801079,28.256166,29.0,Calibration,clay
1266,37.356926,17.22509,27.291008,25.63,Calibration,clay
1267,31.682072,11.591722,21.636896,21.0,Calibration,clay
1268,55.076202,34.92829,45.002247,46.0,Calibration,clay
1269,34.904205,15.069201,24.986704,27.0,Calibration,clay
1270,34.8828,14.9120455,24.897423,25.19,Calibration,clay
1271,45.625755,25.379519,35.502636,36.0,Calibration,clay
1272,31.77246,11.027916,21.400188,25.0,Calibration,clay
1273,28.91972,7.851369,18.385544,18.79,Calibration,clay
1274,20.078022,0.13508129,10.106551,4.0,Calibration,clay
1275,32.232796,12.224461,22.228628,22.0,Calibration,clay
1276,35.081287,14.46442,24.772854,24.0,Calibration,clay
1277,38.37274,17.858517,28.11563,29.0,Calibration,clay
1278,52.88943,31.96468,42.427055,45.0,Calibration,clay
1279,29.080605,8.758625,18.919615,15.0,Calibration,clay
1280,25.101688,4.575139,14.838414,12.0,Calibration,clay
1281,39.772163,19.215034,29.493599,29.0,Calibration,clay
1282,46.02718,25.596378,35.81178,37.14,Calibration,clay
1283,26.441986,6.9068384,16.674412,16.0,Calibration,clay
1284,28.42374,8.373074,18.398407,19.0,Calibration,clay
1285,39.92614,19.94469,29.935415,24.0,Calibration,clay
1286,23.641026,3.5433617,13.592194,13.38,Calibration,clay
1287,15.622267,-4.384613,5.618827,4.73,Calibration,clay
1288,30.744438,10.813195,20.778816,20.35,Calibration,clay
1289,91.222046,68.92876,80.0754,83.0,Calibration,clay
1290,20.327038,-0.17298603,10.077026,11.0,Calibration,clay
1291,51.406,31.358223,41.38211,47.0,Calibration,clay
1292,19.252207,-1.1258087,9.063199,6.05,Calibration,clay
1293,59.75177,39.158043,49.454906,48.0,Calibration,clay
1294,46.72395,25.823933,36.27394,28.9,Calibration,clay
1295,30.051481,10.228083,20.139782,19.19,Calibration,clay
1296,25.041302,4.883483,14.962393,13.7,Calibration,clay
1297,46.01551,25.927147,35.97133,35.7,Calibration,clay
1298,37.580856,17.589966,27.585411,30.0,Calibration,clay
1299,21.61453,1.4898624,11.5521965,14.15,Calibration,clay
1300,80.58605,57.671227,69.12864,70.0,Calibration,clay
1301,62.13002,42.254143,52.19208,50.69,Calibration,clay
1302,19.81324,0.09468651,9.953963,13.0,Calibration,clay
1303,33.411945,11.827294,22.61962,24.78,Calibration,clay
1304,33.97531,12.860459,23.417885,25.0,Calibration,clay
1305,57.705006,37.466236,47.58562,46.98,Calibration,clay
1306,32.376328,12.725008,22.550667,23.0,Calibration,clay
1307,36.051613,16.007689,26.029652,24.0,Calibration,clay
1308,59.97967,36.912777,48.446224,50.0,Calibration,clay
1309,17.786312,-4.738887,6.523712,4.0,Calibration,clay
1310,29.94051,10.220977,20.080744,19.36,Calibration,clay
1311,31.02628,11.008038,21.017159,23.0,Calibration,clay
1312,35.593933,15.035472,25.314703,13.0,Calibration,clay
1313,33.902184,13.498163,23.700172,16.0,Calibration,clay
1314,40.90527,21.156513,31.030891,32.97,Calibration,clay
1315,40.140087,20.469215,30.304651,32.23,Calibration,clay
1316,43.910713,23.485596,33.698154,32.18,Calibration,clay
1317,37.260315,17.148846,27.20458,28.0,Calibration,clay
1318,53.81027,33.300426,43.555347,44.0,Calibration,clay
1319,49.852474,30.082775,39.967625,39.26,Calibration,clay
1320,46.025597,25.548798,35.787197,37.46,Calibration,clay
1321,81.65197,59.10372,70.377846,73.0,Calibration,clay
1322,45.153015,25.177177,35.165096,30.93,Calibration,clay
1323,50.704273,30.3054,40.504837,45.0,Calibration,clay
1324,34.039703,14.079985,24.059843,24.0,Calibration,clay
1325,24.25378,4.6474047,14.450593,14.09,Calibration,clay
1326,47.010918,26.811129,36.911022,67.54,Calibration,clay
1327,33.397255,13.67239,23.534822,23.0,Calibration,clay
1328,35.302002,14.380504,24.841253,19.0,Calibration,clay
1329,36.47104,15.447417,25.959229,28.0,Calibration,clay
1330,44.443886,24.406157,34.425022,37.26,Calibration,clay
1331,37.735916,17.623741,27.679829,30.0,Calibration,clay
1332,28.338417,7.406022,17.87222,19.0,Calibration,clay
1333,33.07981,11.786621,22.433216,23.0,Calibration,clay
1334,40.250973,20.62201,30.436491,30.0,Calibration,clay
1335,17.702488,-2.7686353,7.466926,6.0,Calibration,clay
1336,39.015488,19.204657,29.110071,30.64,Calibration,clay
1337,42.53246,22.220417,32.37644,34.0,Calibration,clay
1338,32.634216,11.407637,22.020926,20.0,Calibration,clay
1339,22.847527,1.9969149,12.42222,13.0,Calibration,clay
1340,33.235405,13.469832,23.35262,23.0,Calibration,clay
1341,41.950096,21.61019,31.780144,38.0,Calibration,clay
1342,78.91732,55.91,67.41366,71.29,Calibration,clay
1343,32.38359,12.333962,22.358776,22.0,Calibration,clay
1344,34.35325,14.660802,24.507025,29.0,Calibration,clay
1345,14.602254,-5.1727133,4.7147703,2.07,Calibration,clay
1346,19.015123,-1.0804024,8.9673605,9.0,Calibration,clay
1347,53.623684,32.46905,43.046368,44.97,Calibration,clay
1348,14.598465,-5.536143,4.531161,6.0,Calibration,clay
1349,35.63521,15.07605,25.355629,22.69,Calibration,clay
1350,52.12248,32.421894,42.272186,40.0,Calibration,clay
1351,26.515429,4.8471794,15.681304,15.0,Calibration,clay
1352,27.678482,7.7129965,17.69574,17.0,Calibration,clay
1353,14.784859,-5.5604444,4.612207,0.01,Calibration,clay
1354,23.646252,2.7700872,13.20817,16.0,Calibration,clay
1355,41.52524,21.259079,31.39216,31.0,Calibration,clay
1356,30.856756,9.690321,20.273539,21.0,Calibration,clay
1357,25.221516,5.381566,15.301541,11.0,Calibration,clay
1358,53.437782,33.030663,43.234222,37.25,Calibration,clay
1359,32.895256,12.729406,22.812332,25.0,Calibration,clay
1360,51.372982,29.842655,40.60782,39.0,Calibration,clay
1361,36.32708,16.067389,26.197233,25.0,Calibration,clay
1362,43.771904,23.12632,33.449112,36.87,Calibration,clay
1363,39.34694,18.90262,29.124779,28.0,Calibration,clay
1364,82.003654,60.55317,71.27841,69.42,Calibration,clay
1365,14.200788,-5.4054213,4.397683,2.24,Calibration,clay
1366,30.912968,10.28089,20.59693,21.55,Calibration,clay
1367,26.274242,5.919529,16.096886,14.0,Calibration,clay
1368,14.747482,-5.4745803,4.6364512,0.01,Calibration,clay
1369,31.039566,9.463181,20.251373,21.24,Calibration,clay
1370,46.45014,25.568436,36.00929,36.18,Calibration,clay
1371,22.327682,2.54772,12.437701,13.0,Calibration,clay
1372,15.513899,-4.758879,5.3775096,4.0,Calibration,clay
1373,28.668423,8.63924,18.653831,20.0,Calibration,clay
1374,32.553913,12.083099,22.318506,25.0,Calibration,clay
1375,39.46833,18.884924,29.176628,30.0,Calibration,clay
1376,14.176357,-5.6134763,4.2814403,2.0,Calibration,clay
1377,47.557026,27.667034,37.61203,37.94,Calibration,clay
1378,48.42549,27.963768,38.19463,39.0,Calibration,clay
1379,14.234618,-5.8526354,4.1909914,0.4,Calibration,clay
1380,54.553333,34.095974,44.324654,42.0,Calibration,clay
1381,20.588217,0.16047668,10.374347,14.12,Calibration,clay
1382,67.62693,47.14929,57.38811,49.89,Calibration,clay
1383,26.552582,6.4420195,16.497301,13.0,Calibration,clay
1384,42.191204,22.089283,32.140244,35.0,Calibration,clay
1385,14.557999,-5.5237193,4.51714,0.01,Calibration,clay
1386,19.431484,-0.87224674,9.279618,3.0,Calibration,clay
1387,75.09423,53.631004,64.36262,67.0,Calibration,clay
1388,28.247921,6.6066628,17.427292,25.0,Calibration,clay
1389,34.848434,15.197118,25.022776,22.772278,Calibration,clay
1390,14.06585,-5.3153543,4.375248,3.0,Calibration,clay
1391,33.98387,14.122264,24.053068,22.0,Calibration,clay
1392,19.7639,-1.1408386,9.311531,8.0,Calibration,clay
1393,50.470783,29.94244,40.20661,46.0,Calibration,clay
1394,32.57824,12.434124,22.506182,23.0,Calibration,clay
1395,66.89904,46.0498,56.474422,51.75,Calibration,clay
1396,35.085297,15.725596,25.405447,24.27,Calibration,clay
1397,17.75483,-2.5176945,7.6185675,6.0,Calibration,clay
1398,58.19326,37.607834,47.900547,50.0,Calibration,clay
1399,31.407421,10.417629,20.912525,22.0,Calibration,clay
1400,34.4776,14.225771,24.351685,31.0,Calibration,clay
1401,14.249664,-5.4979343,4.375865,4.0,Calibration,clay
1402,50.359608,29.35197,39.85579,41.44,Calibration,clay
1403,15.00671,-4.9261622,5.040274,7.0,Calibration,clay
1404,21.692238,-0.99493504,10.348652,8.0,Calibration,clay
1405,31.421589,10.35461,20.8881,20.55,Calibration,clay
1406,39.307285,19.204647,29.255966,25.0,Calibration,clay
1407,32.562706,11.739085,22.150896,19.0,Calibration,clay
1408,35.48056,14.599552,25.040056,19.69,Calibration,clay
1409,83.40498,62.262836,72.83391,78.0,Calibration,clay
1410,43.700756,23.367336,33.534046,37.0,Calibration,clay
1411,56.57655,35.911274,46.24391,45.0,Calibration,clay
1412,63.058815,41.001778,52.030296,56.6,Calibration,clay
1413,45.97305,26.176159,36.074604,39.87,Calibration,clay
1414,40.699787,20.548283,30.624035,32.0,Calibration,clay
1415,21.763855,1.7955484,11.779701,10.0,Calibration,clay
1416,22.629644,2.98341,12.806527,16.97,Calibration,clay
1417,30.905735,10.5873995,20.746567,24.36,Calibration,clay
1418,51.645348,31.778664,41.712006,51.0,Calibration,clay
1419,32.538666,12.4066,22.472633,22.0,Calibration,clay
1420,18.394014,-2.0058327,8.194091,9.0,Calibration,clay
1421,31.088522,10.738398,20.91346,19.0,Calibration,clay
1422,37.476147,17.611423,27.543785,28.29,Calibration,clay
1423,27.134628,6.6978073,16.916218,11.0,Calibration,clay
1424,33.172062,11.825532,22.498796,21.0,Calibration,clay
1425,41.869762,21.696526,31.783144,31.88,Calibration,clay
1426,43.93194,23.760216,33.846077,39.54,Calibration,clay
1427,62.725338,42.27808,52.50171,58.0,Calibration,clay
1428,15.224136,-5.2637634,4.9801865,4.55,Calibration,clay
1429,21.397524,1.8020782,11.599801,13.0,Calibration,clay
1430,53.136703,33.035477,43.08609,48.0,Calibration,clay
1431,30.399965,8.945566,19.672766,20.37,Calibration,clay
1432,46.868008,26.744648,36.806328,35.75,Calibration,clay
1433,24.444231,4.373369,14.4088,8.12,Calibration,clay
1434,30.289658,10.410328,20.349993,27.0,Calibration,clay
1435,43.335197,23.52961,33.432404,36.0,Calibration,clay
1436,35.098473,14.81359,24.956032,24.0,Calibration,clay
1437,26.15472,6.1081877,16.131454,19.79,Calibration,clay
1438,41.55432,20.775126,31.164722,31.0,Calibration,clay
1439,34.245956,13.361453,23.803705,23.12,Calibration,clay
1440,20.645098,-1.2699165,9.687591,5.0,Calibration,clay
1441,17.312767,-3.7308998,6.7909336,7.0,Calibration,clay
1442,36.50599,16.914907,26.71045,24.7,Calibration,clay
1443,50.54184,30.421526,40.48168,40.0,Calibration,clay
1444,37.047337,16.886307,26.966822,31.0,Calibration,clay
1445,27.230984,7.128585,17.179785,15.0,Calibration,clay
1446,35.38596,15.426103,25.40603,25.0,Calibration,clay
1447,63.180527,42.66678,52.923653,55.22,Calibration,clay
1448,43.427963,24.061754,33.744858,32.0,Calibration,clay
1449,34.639015,14.459804,24.54941,22.0,Calibration,clay
1450,30.84003,10.474976,20.657503,23.0,Calibration,clay
1451,14.913372,-5.6552024,4.629085,3.49,Calibration,clay
1452,31.203766,10.736557,20.970161,21.0,Calibration,clay
1453,31.981457,11.041126,21.511292,23.0,Calibration,clay
1454,33.069447,12.963058,23.016253,23.0,Calibration,clay
1455,45.297115,25.46983,35.383472,36.0,Calibration,clay
1456,32.554306,12.594954,22.574629,23.0,Calibration,clay
1457,24.820103,2.7378302,13.778967,13.0,Calibration,clay
1458,36.10436,15.690236,25.897297,23.0,Calibration,clay
1459,14.11673,-5.5583,4.279215,1.0,Calibration,clay
1460,63.71926,43.16577,53.442516,53.0,Calibration,clay
1461,31.863647,11.815454,21.83955,23.0,Calibration,clay
1462,35.605373,15.640465,25.62292,26.0,Calibration,clay
1463,37.42656,17.567204,27.496881,28.0,Calibration,clay
1464,35.1585,15.436249,25.297375,27.0,Calibration,clay
1465,15.25609,-5.455311,4.9003897,3.0,Calibration,clay
1466,40.64364,20.76207,30.702854,30.78,Calibration,clay
1467,20.502285,-0.71156216,9.895362,9.0,Calibration,clay
1468,31.179314,11.56865,21.373981,19.0,Calibration,clay
1469,38.66129,18.713814,28.687551,31.0,Calibration,clay
1470,18.921782,-0.9990692,8.961356,11.0,Calibration,clay
1471,20.432053,0.7106819,10.571367,5.87,Calibration,clay
1472,28.863396,7.650182,18.256788,20.0,Calibration,clay
1473,30.445385,10.529752,20.487568,19.15,Calibration,clay
1474,68.481895,47.44113,57.961514,59.0,Calibration,clay
1475,26.49131,5.8920403,16.191675,11.0,Calibration,clay
1476,21.332119,1.4291754,11.380647,8.27,Calibration,clay
1477,33.79503,13.834021,23.814526,23.0,Calibration,clay
1478,32.06097,11.321052,21.691011,22.0,Calibration,clay
1479,57.27465,37.084785,47.179718,35.69,Calibration,clay
1480,34.53195,13.762094,24.147022,23.0,Calibration,clay
1481,48.991722,28.683907,38.837814,39.0,Calibration,clay
1482,31.800463,11.909765,21.855114,24.0,Calibration,clay
1483,35.358227,14.898838,25.128532,25.0,Calibration,clay
1484,57.439373,37.816807,47.62809,41.36,Calibration,clay
1485,25.049332,5.1138678,15.081599,14.0,Calibration,clay
1486,14.674591,-5.533352,4.5706196,4.0,Calibration,clay
1487,39.147907,19.112446,29.130177,30.92,Calibration,clay
1488,17.677458,-2.2451882,7.7161345,3.91,Calibration,clay
1489,20.280632,-0.33186245,9.974384,10.0,Calibration,clay
1490,14.172943,-5.7527175,4.210113,0.01,Calibration,clay
1491,54.402687,33.725616,44.06415,44.42,Calibration,clay
1492,76.61269,55.90644,66.25957,68.0,Calibration,clay
1493,17.297081,-2.9546633,7.1712084,6.0,Calibration,clay
1494,19.597033,-0.1639862,9.716523,12.0,Calibration,clay
1495,40.466694,20.716637,30.591665,27.0,Calibration,clay
1496,18.647636,-1.3398085,8.653914,13.83,Calibration,clay
1497,28.549417,8.407873,18.478645,7.0,Calibration,clay
1498,45.565502,24.885365,35.225433,38.0,Calibration,clay
1499,26.546122,6.260317,16.40322,14.0,Calibration,clay
1500,48.542217,28.446453,38.494335,38.0,Calibration,clay
1501,62.353786,41.844204,52.098995,58.0,Calibration,clay
1502,42.830658,22.80703,32.818844,31.0,Calibration,clay
1503,40.76749,21.149288,30.95839,25.81,Calibration,clay
1504,38.834747,19.1727,29.003725,29.0,Calibration,clay
1505,34.387814,14.453044,24.42043,25.0,Calibration,clay
1506,14.241699,-5.378422,4.4316387,1.0,Calibration,clay
1507,36.939594,17.164093,27.051844,30.0,Calibration,clay
1508,35.862373,16.164608,26.01349,24.0,Calibration,clay
1509,39.165585,19.281803,29.223694,34.0,Calibration,clay
1510,82.35144,60.27924,71.31534,70.0,Calibration,clay
1511,19.613754,-1.9346247,8.839565,7.4,Calibration,clay
1512,20.966152,0.4265051,10.696328,20.0,Calibration,clay
1513,19.252136,-0.7361822,9.2579775,11.0,Calibration,clay
1514,47.068783,27.054043,37.061413,37.0,Calibration,clay
1515,82.18995,61.486275,71.83811,70.0,Calibration,clay
1516,15.694216,-4.203516,5.74535,3.0,Calibration,clay
1517,37.165565,16.899601,27.032583,28.0,Calibration,clay
1518,41.63713,21.25543,31.44628,34.0,Calibration,clay
1519,35.279926,15.384467,25.332197,29.0,Calibration,clay
1520,18.100863,-2.013462,8.0437,8.84,Calibration,clay
1521,39.800198,19.487717,29.643957,30.0,Calibration,clay
1522,38.171192,17.770199,27.970695,31.84,Calibration,clay
1523,33.903427,12.7951145,23.34927,25.0,Calibration,clay
1524,65.953545,45.667908,55.810726,54.47,Calibration,clay
1525,27.383572,7.256728,17.32015,17.0,Calibration,clay
1526,17.339169,-2.9146633,7.2122526,3.71,Calibration,clay
1527,81.75357,60.661835,71.2077,74.0,Calibration,clay
1528,37.76911,17.944656,27.856884,29.27,Calibration,clay
1529,63.891506,43.639088,53.765297,60.0,Calibration,clay
1530,14.515843,-5.209794,4.6530247,0.01,Calibration,clay
1531,32.906586,12.62641,22.766497,22.0,Calibration,clay
1532,18.119793,-1.481307,8.319243,7.23,Calibration,clay
1533,38.943382,19.11271,29.028048,30.0,Calibration,clay
1534,35.57281,15.469983,25.521397,24.26,Calibration,clay
1535,24.896912,4.5134706,14.705191,15.07,Calibration,clay
1536,48.531605,27.473461,38.002533,39.0,Calibration,clay
1537,38.684666,18.341785,28.513226,31.0,Calibration,clay
1538,37.609253,17.88178,27.745516,27.0,Calibration,clay
1539,32.519802,11.908206,22.214005,21.0,Calibration,clay
1540,14.565981,-5.2108703,4.6775556,1.0,Calibration,clay
1541,17.828304,-1.9822865,7.923009,7.0,Calibration,clay
1542,39.69028,19.358368,29.524324,28.0,Calibration,clay
1543,76.01666,55.001476,65.50907,72.64,Calibration,clay
1544,39.000546,18.088703,28.544624,26.0,Calibration,clay
1545,33.67705,13.709979,23.693516,26.0,Calibration,clay
1546,31.377087,10.469074,20.92308,20.0,Calibration,clay
1547,81.7849,60.52741,71.15615,73.0,Calibration,clay
1548,78.89847,57.715282,68.30688,70.0,Calibration,clay
1549,23.484304,3.6496964,13.567,14.0,Calibration,clay
1550,35.37364,15.107254,25.240446,25.0,Calibration,clay
1551,45.273552,25.38893,35.33124,40.0,Calibration,clay
1552,38.441322,18.032726,28.237024,27.0,Calibration,clay
1553,32.95195,12.914114,22.933033,21.0,Calibration,clay
1554,70.55265,50.150852,60.351753,60.81,Calibration,clay
1555,23.45398,2.6909933,13.072487,15.0,Calibration,clay
1556,42.975544,23.082928,33.029236,33.73,Calibration,clay
1557,17.159782,-2.286994,7.4363947,3.0,Calibration,clay
1558,30.828896,10.747089,20.787992,21.0,Calibration,clay
1559,41.626297,20.990313,31.308306,33.5,Calibration,clay
1560,17.12125,-2.688816,7.216217,5.0,Calibration,clay
1561,58.220768,37.884365,48.052567,55.0,Calibration,clay
1562,20.754156,-0.40142822,10.176364,11.33,Calibration,clay
1563,33.781902,13.6284685,23.705185,23.0,Calibration,clay
1564,37.414623,16.987385,27.201004,21.75,Calibration,clay
1565,25.670452,5.356292,15.513372,16.58,Calibration,clay
1566,26.876835,5.867573,16.372204,18.0,Calibration,clay
1567,53.14592,32.369682,42.7578,44.0,Calibration,clay
1568,19.73827,-0.020376205,9.858947,14.14,Calibration,clay
1569,47.040947,26.780327,36.910637,35.0,Calibration,clay
1570,77.46224,55.346233,66.404236,69.14,Calibration,clay
1571,25.856167,5.7938633,15.825015,13.51,Calibration,clay
1572,32.185795,11.070327,21.628061,21.96,Calibration,clay
1573,32.332962,11.974616,22.15379,18.0,Calibration,clay
1574,31.678455,10.637689,21.158072,25.36,Calibration,clay
1575,32.190247,12.103014,22.146631,19.0,Calibration,clay
1576,36.9559,16.934528,26.945213,30.0,Calibration,clay
1577,28.210842,8.335227,18.273035,15.0,Calibration,clay
1578,30.139503,10.358044,20.248774,17.0,Calibration,clay
1579,19.996662,0.040234566,10.018449,9.0,Calibration,clay
1580,41.120308,20.134062,30.627186,30.0,Calibration,clay
1581,75.01427,54.303192,64.65873,59.85,Calibration,clay
1582,50.702305,30.673756,40.68803,43.85,Calibration,clay
1583,14.745828,-4.982686,4.881571,2.0,Calibration,clay
1584,20.734661,-1.7363195,9.49917,4.0,Calibration,clay
1585,84.50942,62.376152,73.44279,76.0,Calibration,clay
1586,27.551079,6.131218,16.841148,14.95,Calibration,clay
1587,40.149162,19.475712,29.812437,33.48,Calibration,clay
1588,23.352535,2.978588,13.165562,15.0,Calibration,clay
1589,18.16364,-1.2558393,8.4539,18.0,Calibration,clay
1590,16.622782,-3.0952473,6.7637672,8.0,Calibration,clay
1591,31.996529,11.8477545,21.922142,22.0,Calibration,clay
1592,43.04374,22.705437,32.874588,32.16,Calibration,clay
1593,19.28471,-0.5652895,9.359711,12.57,Calibration,clay
1594,15.7590275,-4.284677,5.7371755,5.0,Calibration,clay
1595,14.255913,-5.514972,4.3704705,1.997004,Calibration,clay
1596,36.637226,16.40009,26.518658,23.26,Calibration,clay
1597,70.832985,50.800774,60.81688,52.0,Calibration,clay
1598,22.045223,1.7206898,11.8829565,12.729999,Calibration,clay
1599,27.957176,7.4590464,17.70811,16.0,Calibration,clay
1600,50.531784,29.830011,40.180897,42.0,Calibration,clay
1601,30.367186,10.390074,20.37863,19.0,Calibration,clay
1602,45.729134,25.272379,35.500755,42.8,Calibration,clay
1603,42.011784,22.241856,32.12682,30.64,Calibration,clay
1604,16.366497,-3.5086708,6.428913,3.64,Calibration,clay
1605,33.15071,12.8241415,22.987427,19.41,Calibration,clay
1606,32.56197,12.785182,22.673576,24.0,Calibration,clay
1607,14.517729,-5.5516853,4.4830217,2.0,Calibration,clay
1608,22.94887,3.3451824,13.147026,12.32,Calibration,clay
1609,22.442432,0.84964466,11.646039,8.0,Calibration,clay
1610,28.806026,7.4653044,18.135666,16.0,Calibration,clay
1611,41.219273,21.03109,31.125181,32.01,Calibration,clay
1612,16.334427,-5.035461,5.649483,0.01,Calibration,clay
1613,64.92457,44.34892,54.63674,53.23,Calibration,clay
1614,31.919025,11.451004,21.685015,24.0,Calibration,clay
1615,17.310928,-2.5140162,7.3984566,6.65,Calibration,clay
1616,30.698826,11.043723,20.871275,16.36,Calibration,clay
1617,14.9748,-5.632347,4.6712265,1.0,Calibration,clay
1618,50.93794,30.89452,40.91623,44.0,Calibration,clay
1619,28.626276,8.34239,18.484333,22.0,Calibration,clay
1620,29.235504,8.106419,18.670961,15.0,Calibration,clay
1621,16.075445,-3.6033573,6.236044,6.0,Calibration,clay
1622,15.906624,-3.6521955,6.127214,0.89,Calibration,clay
1623,33.69306,13.560893,23.626978,22.0,Calibration,clay
1624,52.718346,32.468513,42.59343,42.0,Calibration,clay
1625,19.167545,-0.75203323,9.207756,8.0,Calibration,clay
1626,86.43041,64.86198,75.646194,77.0,Calibration,clay
1627,33.689877,13.31588,23.502878,26.0,Calibration,clay
1628,22.974396,1.9820395,12.478218,8.0,Calibration,clay
1629,32.380867,12.067446,22.224157,22.0,Calibration,clay
1630,24.606215,3.8688202,14.237517,9.0,Calibration,clay
1631,37.972378,17.269943,27.62116,21.98,Calibration,clay
1632,35.098892,14.396644,24.747768,28.0,Calibration,clay
1633,36.3439,14.826318,25.585108,25.92,Calibration,clay
1634,32.070236,11.471912,21.771074,21.0,Calibration,clay
1635,33.41782,13.451587,23.434704,20.0,Calibration,clay
1636,56.815197,36.964436,46.889816,51.0,Calibration,clay
1637,30.852755,10.254667,20.55371,15.0,Calibration,clay
1638,42.40898,21.76682,32.087902,27.92,Calibration,clay
1639,23.522194,3.5895157,13.555855,14.0,Calibration,clay
1640,23.35372,0.9168472,12.135283,9.67,Calibration,clay
1641,24.609669,4.7849913,14.6973295,12.0,Calibration,clay
1642,30.047823,10.038256,20.04304,17.0,Calibration,clay
1643,47.19569,27.091763,37.143726,39.0,Calibration,clay
1644,31.361237,9.11683,20.239033,19.75,Calibration,clay
1645,32.273827,12.1305685,22.202198,19.0,Calibration,clay
1646,39.19569,18.90763,29.05166,30.0,Calibration,clay
1647,42.836807,22.363432,32.60012,34.0,Calibration,clay
1648,28.543503,8.511437,18.52747,20.32,Calibration,clay
1649,13.986363,-5.437833,4.2742653,2.1,Calibration,clay
1650,36.433754,16.125261,26.279509,25.39,Calibration,clay
1651,29.092096,8.779535,18.935816,19.62,Calibration,clay
1652,26.615292,6.411357,16.513325,13.16,Calibration,clay
1653,19.333107,-0.31566238,9.508722,8.0,Calibration,clay
1654,26.641983,6.4580145,16.55,13.11,Calibration,clay
1655,53.25371,31.757313,42.505512,42.44,Calibration,clay
1656,39.01317,19.232094,29.122631,31.0,Calibration,clay
1657,30.514599,10.43657,20.475584,21.0,Calibration,clay
1658,37.1391,17.21483,27.176964,27.0,Calibration,clay
1659,39.736404,19.900833,29.818619,30.0,Calibration,clay
1660,14.289715,-5.3832283,4.4532433,1.0,Calibration,clay
1661,41.206642,21.011875,31.109259,29.0,Calibration,clay
1662,35.170975,13.85515,24.513063,21.0,Calibration,clay
1663,17.464233,-2.6946688,7.384783,9.0,Calibration,clay
1664,52.996025,32.617653,42.80684,39.0,Calibration,clay
1665,32.715054,12.611409,22.66323,21.0,Calibration,clay
1666,19.439495,-0.8824816,9.278507,13.0,Calibration,clay
1667,34.161575,14.096134,24.128855,24.0,Calibration,clay
1668,33.706726,14.070113,23.88842,22.0,Calibration,clay
1669,46.958862,26.979197,36.96903,40.0,Calibration,clay
1670,43.19935,22.975847,33.087597,32.79,Calibration,clay
1671,14.305752,-5.190436,4.5576577,1.0,Calibration,clay
1672,32.551926,12.125838,22.338882,21.0,Calibration,clay
1673,31.139168,10.294117,20.716642,20.0,Calibration,clay
1674,57.53601,37.269547,47.40278,45.51,Calibration,clay
1675,45.086155,24.705074,34.895615,34.0,Calibration,clay
1676,47.37175,26.734444,37.053097,45.0,Calibration,clay
1677,37.470715,17.195839,27.333277,26.0,Calibration,clay
1678,17.41538,-2.1721802,7.6216,5.8,Calibration,clay
1679,14.742795,-5.170966,4.7859144,1.96,Calibration,clay
1680,54.36865,34.21181,44.29023,46.07,Calibration,clay
1681,70.14607,49.32693,59.736504,66.0,Calibration,clay
1682,52.19893,31.617788,41.90836,42.77,Calibration,clay
1683,41.803406,21.757727,31.780567,31.49,Calibration,clay
1684,30.874706,10.558785,20.716745,17.34,Calibration,clay
1685,30.466022,8.950011,19.708017,22.0,Calibration,clay
1686,15.51037,-5.038151,5.2361097,2.0,Calibration,clay
1687,30.341272,8.497908,19.41959,20.0,Calibration,clay
1688,47.96363,27.355598,37.659615,36.0,Calibration,clay
1689,32.772625,12.912819,22.842722,23.0,Calibration,clay
1690,18.403515,-1.2382956,8.58261,8.0,Calibration,clay
1691,92.26474,70.41943,81.34209,83.0,Calibration,clay
1692,38.583237,18.551525,28.56738,32.0,Calibration,clay
1693,38.19997,18.077045,28.138508,26.0,Calibration,clay
1694,44.740475,24.71854,34.729507,35.0,Calibration,clay
1695,15.455959,-4.1524024,5.6517787,4.45,Calibration,clay
1696,26.743656,6.6351843,16.68942,20.0,Calibration,clay
1697,40.369423,20.779484,30.574453,33.52,Calibration,clay
1698,29.56866,8.695729,19.132195,20.22,Calibration,clay
1699,34.681694,12.984606,23.833149,26.0,Calibration,clay
1700,28.083874,8.682235,18.383055,13.16,Calibration,clay
1701,37.36171,17.825302,27.593506,32.25,Calibration,clay
1702,31.727097,10.994526,21.360811,23.0,Calibration,clay
1703,57.506706,36.69551,47.10111,46.0,Calibration,clay
1704,32.463238,12.36959,22.416414,23.0,Calibration,clay
1705,68.27059,47.923454,58.097023,60.0,Calibration,clay
1706,19.99863,-0.73694324,9.630844,9.0,Calibration,clay
1707,38.50152,18.878708,28.690113,25.96,Calibration,clay
1708,19.445415,-0.55276585,9.446324,10.0,Calibration,clay
1709,49.746902,29.733627,39.740265,42.0,Calibration,clay
1710,38.75557,18.59755,28.67656,31.0,Calibration,clay
1711,40.516396,19.984901,30.250648,29.41,Calibration,clay
1712,42.954044,23.02499,32.989517,34.0,Calibration,clay
1713,27.788113,7.593234,17.690674,18.0,Calibration,clay
1714,34.05528,14.140349,24.097815,24.0,Calibration,clay
1715,54.19439,34.158737,44.176563,49.32,Calibration,clay
1716,17.390663,-2.5384173,7.426123,4.0,Calibration,clay
1717,32.266014,11.0343,21.650156,22.0,Calibration,clay
1718,34.581726,14.820494,24.701109,25.0,Calibration,clay
1719,14.148285,-5.3487053,4.39979,1.59,Calibration,clay
1720,68.38615,47.608856,57.9975,58.38,Calibration,clay
1721,32.660004,12.501824,22.580914,22.0,Calibration,clay
1722,32.925323,12.731712,22.828518,24.0,Calibration,clay
1723,14.800614,-4.752265,5.0241747,2.58,Calibration,clay
1724,80.965126,59.416775,70.19095,72.0,Calibration,clay
1725,87.05313,65.324875,76.189,79.0,Calibration,clay
1726,34.127266,14.27729,24.202278,22.0,Calibration,clay
1727,27.510357,7.109336,17.309847,14.0,Calibration,clay
1728,46.409786,25.165783,35.787785,41.0,Calibration,clay
1729,72.725655,52.227215,62.476437,60.0,Calibration,clay
1730,48.059135,27.398706,37.72892,33.0,Calibration,clay
1731,46.1957,26.159063,36.177383,33.04,Calibration,clay
1732,49.79429,29.46836,39.631325,37.17,Calibration,clay
1733,25.73714,6.09134,15.914241,17.0,Calibration,clay
1734,34.70034,14.736392,24.718367,23.0,Calibration,clay
1735,15.439911,-4.757147,5.341382,4.95,Calibration,clay
1736,59.22746,38.64532,48.93639,54.14,Calibration,clay
1737,57.00286,36.197273,46.600067,47.0,Calibration,clay
1738,44.11929,23.819805,33.969547,31.35,Calibration,clay
1739,25.183884,5.3045645,15.244224,17.96,Calibration,clay
1740,35.584103,15.443246,25.513674,25.0,Calibration,clay
1741,37.70403,17.35191,27.52797,31.0,Calibration,clay
1742,34.5014,13.856578,24.17899,27.0,Calibration,clay
1743,46.384468,26.097412,36.24094,39.0,Calibration,clay
1744,32.29444,11.362864,21.828651,21.0,Calibration,clay
1745,32.552715,12.162099,22.357407,16.82,Calibration,clay
1746,16.19607,-3.4099102,6.3930798,7.0,Calibration,clay
1747,17.930538,-2.6561556,7.637192,5.0,Calibration,clay
1748,31.840492,12.227367,22.03393,24.0,Calibration,clay
1749,34.433517,14.236583,24.33505,23.0,Calibration,clay
1750,23.777874,1.3813238,12.579599,14.78,Calibration,clay
1751,30.149982,10.4001875,20.275085,21.0,Calibration,clay
1752,18.257591,-2.3846755,7.936458,5.59,Calibration,clay
1753,32.603985,12.317819,22.460901,24.0,Calibration,clay
1754,27.310219,5.9306517,16.620436,13.0,Calibration,clay
1755,26.219873,6.4127903,16.316332,16.0,Calibration,clay
1756,15.727924,-3.992723,5.867601,0.57,Calibration,clay
1757,37.36647,17.052038,27.209255,28.0,Calibration,clay
1758,15.117321,-4.235132,5.4410944,5.19,Calibration,clay
1759,53.00053,32.860546,42.93054,46.0,Calibration,clay
1760,64.41599,44.052155,54.234074,46.8,Calibration,clay
1761,48.087254,27.077595,37.582424,31.87,Calibration,clay
1762,27.298298,6.065339,16.681818,20.0,Calibration,clay
1763,40.225025,20.163319,30.194172,32.0,Calibration,clay
1764,15.006749,-4.761016,5.1228666,4.2,Calibration,clay
1765,26.85231,6.964301,16.908306,12.0,Calibration,clay
1766,25.527882,3.5895147,14.558699,12.0,Calibration,clay
1767,32.980156,11.87238,22.426268,22.0,Calibration,clay
1768,46.03969,26.193136,36.116413,40.06,Calibration,clay
1769,33.460476,13.422168,23.441322,24.0,Calibration,clay
1770,50.909393,30.12512,40.517258,45.0,Calibration,clay
1771,31.691116,11.738953,21.715034,23.0,Calibration,clay
1772,16.976648,-2.6512952,7.1626763,13.0,Calibration,clay
1773,49.70554,28.977848,39.341694,40.2,Calibration,clay
1774,35.61203,16.049839,25.830935,24.0,Calibration,clay
1775,13.950215,-5.4008284,4.2746935,3.53,Calibration,clay
1776,36.61496,16.356077,26.48552,24.0,Calibration,clay
1777,28.549809,8.630386,18.590097,16.0,Calibration,clay
1778,30.339104,10.14454,20.241821,19.0,Calibration,clay
1779,24.281027,3.3105412,13.795784,8.0,Calibration,clay
1780,54.615288,33.760696,44.187992,44.31,Calibration,clay
1781,29.239735,8.847729,19.043732,26.0,Calibration,clay
1782,31.983055,11.721925,21.85249,19.0,Calibration,clay
1783,18.135118,-1.7997646,8.167677,8.89,Calibration,clay
1784,37.503063,17.395447,27.449255,29.0,Calibration,clay
1785,31.35335,10.885962,21.119656,25.0,Calibration,clay
1786,27.351591,7.619169,17.48538,20.0,Calibration,clay
1787,39.541683,18.690117,29.1159,30.0,Calibration,clay
1788,50.992516,30.774933,40.883724,44.0,Calibration,clay
1789,27.080406,7.324772,17.202589,10.0,Calibration,clay
1790,25.143341,5.358656,15.2509985,19.0,Calibration,clay
1791,32.71387,12.631156,22.672514,24.0,Calibration,clay
1792,61.759163,41.537773,51.648468,54.0,Calibration,clay
1793,15.750435,-3.9331627,5.908636,4.0,Calibration,clay
1794,34.099396,13.908641,24.004019,6.0,Calibration,clay
1795,26.650833,6.287842,16.469337,17.0,Calibration,clay
1796,28.94141,8.329406,18.635408,18.92,Calibration,clay
1797,16.450722,-2.988627,6.731047,6.0,Calibration,clay
1798,31.827055,10.539507,21.18328,15.0,Calibration,clay
1799,17.647577,-2.0127583,7.8174095,10.85,Calibration,clay
1800,15.847603,-4.529261,5.6591706,4.0,Calibration,clay
1801,14.203436,-5.654117,4.2746596,1.0,Calibration,clay
1802,42.9911,23.468967,33.230034,29.0,Calibration,clay
1803,26.368198,6.509053,16.438625,17.0,Calibration,clay
1804,28.86438,9.000436,18.932407,19.0,Calibration,clay
1805,46.56618,26.469074,36.517628,37.0,Calibration,clay
1806,43.756992,23.534763,33.645878,35.77,Calibration,clay
1807,28.600048,8.2370825,18.418566,17.0,Calibration,clay
1808,26.423466,6.2073717,16.315418,17.0,Calibration,clay
1809,28.12819,7.6984816,17.913336,18.0,Calibration,clay
1810,33.968544,13.649363,23.808954,26.0,Calibration,clay
1811,33.18357,12.841102,23.012337,20.9,Calibration,clay
1812,33.711876,13.650705,23.681292,22.0,Calibration,clay
1813,38.200905,18.10731,28.154108,12.0,Calibration,clay
1814,24.580853,4.466975,14.523914,13.0,Calibration,clay
1815,30.909094,10.773119,20.841106,22.0,Calibration,clay
1816,34.49869,14.496112,24.497402,23.0,Calibration,clay
1817,16.830482,-3.296803,6.7668395,4.36,Calibration,clay
1818,16.289162,-3.793529,6.2478166,1.94,Calibration,clay
1819,29.498266,9.505266,19.501766,13.36,Calibration,clay
1820,61.66988,41.863384,51.766632,53.0,Calibration,clay
1821,17.355555,-2.4183888,7.4685826,4.66,Calibration,clay
1822,15.596854,-4.4223433,5.5872555,5.0,Calibration,clay
1823,31.707548,11.566488,21.637018,18.0,Calibration,clay
1824,41.741768,22.065933,31.90385,29.0,Calibration,clay
1825,30.868643,10.563776,20.71621,14.08,Calibration,clay
1826,60.57704,40.53389,50.555466,45.0,Calibration,clay
1827,14.912413,-5.4515405,4.730436,1.0,Calibration,clay
1828,47.315437,26.243896,36.779667,32.95,Calibration,clay
1829,21.031183,0.9706898,11.0009365,11.0,Calibration,clay
1830,46.63422,26.000248,36.317234,34.21,Calibration,clay
1831,41.685963,21.772346,31.729155,31.0,Calibration,clay
1832,63.194775,42.807255,53.001015,47.0,Calibration,clay
1833,50.836987,30.41888,40.627934,40.0,Calibration,clay
1834,47.248093,27.2855,37.266796,39.0,Calibration,clay
1835,27.487204,7.6860027,17.586603,19.92,Calibration,clay
1836,37.349957,17.39051,27.370234,29.0,Calibration,clay
1837,24.649632,2.7374182,13.693525,12.0,Calibration,clay
1838,31.942707,11.250321,21.596514,21.89,Calibration,clay
1839,46.365677,26.371376,36.368526,37.6,Calibration,clay
1840,39.801987,19.594458,29.698223,25.52,Calibration,clay
1841,31.647915,11.65199,21.649952,20.0,Calibration,clay
1842,33.282574,13.5747595,23.428667,20.0,Calibration,clay
1843,24.929512,5.307021,15.118267,11.0,Calibration,clay
1844,34.116364,13.174536,23.645449,27.0,Calibration,clay
1845,17.92354,-2.985455,7.4690423,5.33,Calibration,clay
1846,16.728752,-3.6825275,6.5231123,0.01,Calibration,clay
1847,16.194626,-5.118676,5.5379744,6.0,Calibration,clay
1848,27.88899,7.350786,17.619888,19.0,Calibration,clay
1849,35.306175,15.110228,25.208202,23.0,Calibration,clay
1850,28.316666,6.6769648,17.496815,15.0,Calibration,clay
1851,57.772842,37.209656,47.49125,43.0,Calibration,clay
1852,29.05885,7.268956,18.163902,15.0,Calibration,clay
1853,60.68798,39.184624,49.936302,57.09,Calibration,clay
1854,65.37463,44.009014,54.691826,55.0,Calibration,clay
1855,35.084366,14.585559,24.834963,18.44,Calibration,clay
1856,18.299765,-4.5439143,6.8779254,9.0,Calibration,clay
1857,40.62732,20.050217,30.338768,31.73,Calibration,clay
1858,15.511005,-4.117487,5.696759,2.87,Calibration,clay
1859,14.773218,-4.874992,4.9491134,0.7,Calibration,clay
1860,40.4654,20.313951,30.389675,31.0,Calibration,clay
1861,34.97912,14.065159,24.522139,25.0,Calibration,clay
1862,35.254524,15.212506,25.233515,26.0,Calibration,clay
1863,48.75882,28.152544,38.45568,43.61,Calibration,clay
1864,16.05151,-3.204255,6.423627,2.0,Calibration,clay
1865,36.644943,15.608065,26.126503,24.0,Calibration,clay
1866,59.398766,38.611275,49.00502,49.0,Calibration,clay
1867,32.076824,10.176232,21.126528,19.0,Calibration,clay
1868,21.657974,1.9779577,11.8179655,11.0,Calibration,clay
1869,15.913969,-4.064486,5.9247413,9.24,Calibration,clay
1870,30.20263,8.234729,19.21868,18.0,Calibration,clay
1871,18.628677,-1.2489328,8.689872,11.0,Calibration,clay
1872,22.307459,2.298954,12.303206,11.0,Calibration,clay
1873,33.128048,13.41285,23.270449,26.0,Calibration,clay
1874,25.324041,4.813402,15.068722,17.0,Calibration,clay
1875,23.128922,3.6985197,13.413721,13.0,Calibration,clay
1876,24.068722,3.584609,13.826665,19.0,Calibration,clay
1877,72.50291,51.34523,61.92407,56.0,Calibration,clay
1878,20.627388,0.65458965,10.640988,10.0,Calibration,clay
1879,37.109344,17.154463,27.131903,28.0,Calibration,clay
1880,76.39453,55.838562,66.11655,70.0,Calibration,clay
1881,29.270496,9.208752,19.239624,20.01,Calibration,clay
1882,55.686424,35.489227,45.587826,44.0,Calibration,clay
1883,53.727745,33.453293,43.59052,45.08,Calibration,clay
1884,85.56997,64.082466,74.82622,72.0,Calibration,clay
1885,18.45206,-1.0985804,8.676741,9.41,Calibration,clay
1886,29.06433,9.019335,19.041832,20.0,Calibration,clay
1887,41.567852,20.793533,31.180693,28.59,Calibration,clay
1888,43.609962,23.29596,33.45296,40.0,Calibration,clay
1889,38.516514,17.94109,28.228802,36.0,Calibration,clay
1890,15.428125,-4.794386,5.3168697,3.9996,Calibration,clay
1891,22.62667,2.9185228,12.772597,11.0,Calibration,clay
1892,28.021828,8.242512,18.13217,19.0,Calibration,clay
1893,16.272709,-4.3644953,5.9541073,6.0,Calibration,clay
1894,19.482115,-1.1556187,9.163248,12.55,Calibration,clay
1895,28.856613,8.227688,18.54215,22.0,Calibration,clay
1896,84.71666,64.09691,74.406784,69.0,Calibration,clay
1897,56.40846,36.262585,46.33552,44.0,Calibration,clay
1898,38.399223,17.39288,27.896051,29.0,Calibration,clay
1899,45.61142,25.538195,35.574806,37.0,Calibration,clay
1900,82.50187,61.237156,71.869514,70.0,Calibration,clay
1901,37.894516,17.805851,27.850183,20.18,Calibration,clay
1902,41.71624,21.33656,31.5264,29.0,Calibration,clay
1903,30.834934,10.529103,20.682018,20.12,Calibration,clay
1904,30.776154,10.692185,20.734169,21.0,Calibration,clay
1905,34.65831,14.064385,24.361347,22.68,Calibration,clay
1906,16.00376,-3.6849608,6.1593995,6.51,Calibration,clay
1907,29.216095,9.116473,19.166285,14.0,Calibration,clay
1908,39.117683,18.271513,28.694597,27.0,Calibration,clay
1909,28.262032,7.405648,17.83384,22.0,Calibration,clay
1910,34.544376,14.211253,24.377815,26.0,Calibration,clay
1911,14.3196125,-5.598925,4.3603435,0.009999,Calibration,clay
1912,22.181091,2.6248522,12.402972,15.0,Calibration,clay
1913,35.74617,14.359861,25.053015,23.77,Calibration,clay
1914,28.345787,8.412518,18.379152,22.87,Calibration,clay
1915,62.74911,41.96918,52.359146,49.75,Calibration,clay
1916,38.152287,17.944405,28.048346,29.0,Calibration,clay
1917,33.274876,13.375271,23.325073,23.0,Calibration,clay
1918,24.4655,4.996867,14.731184,15.0,Calibration,clay
1919,20.728802,-1.3225203,9.70314,10.0,Calibration,clay
1920,33.888268,13.701966,23.795116,26.0,Calibration,clay
1921,21.811653,1.7477617,11.779707,6.0,Calibration,clay
1922,15.550278,-4.7579627,5.3961577,2.0,Calibration,clay
1923,15.951831,-3.623351,6.16424,6.0,Calibration,clay
1924,42.293625,22.214462,32.254044,36.38,Calibration,clay
1925,23.427174,3.689228,13.558201,8.0,Calibration,clay
1926,22.887344,2.545762,12.716554,12.0,Calibration,clay
1927,25.102036,5.281063,15.191549,18.0,Calibration,clay
1928,15.436414,-4.9063807,5.2650166,4.0,Calibration,clay
1929,44.64276,24.192055,34.417408,28.0,Calibration,clay
1930,33.832886,12.439318,23.1361,22.08,Calibration,clay
1931,44.89563,23.64916,34.272396,38.0,Calibration,clay
1932,41.109203,21.240528,31.174866,27.0,Calibration,clay
1933,26.067223,6.3668146,16.217018,14.0,Calibration,clay
1934,30.282398,9.889381,20.08589,26.0,Calibration,clay
1935,75.34723,54.818604,65.08292,65.51,Calibration,clay
1936,14.495589,-5.2304506,4.6325693,3.0,Calibration,clay
1937,37.616272,18.270966,27.943619,26.42,Calibration,clay
1938,75.4751,54.329178,64.90214,60.0,Calibration,clay
1939,30.1256,10.33526,20.23043,23.0,Calibration,clay
1940,32.523834,12.260523,22.392178,29.0,Calibration,clay
1941,69.09399,48.203438,58.648712,61.0,Calibration,clay
1942,17.248415,-2.4470062,7.4007044,8.0,Calibration,clay
1943,26.723175,6.876092,16.799633,12.0,Calibration,clay
1944,51.256477,30.630087,40.943283,43.07,Calibration,clay
1945,29.575417,9.754645,19.665031,17.13,Calibration,clay
1946,24.579136,4.9127607,14.745949,12.0,Calibration,clay
1947,35.984447,14.682649,25.333548,26.0,Calibration,clay
1948,24.61827,3.1554995,13.886886,23.32,Calibration,clay
1949,37.83382,17.710842,27.772331,25.02,Calibration,clay
1950,15.543121,-4.0253158,5.758903,3.93,Calibration,clay
1951,43.497086,23.5525,33.52479,36.33,Calibration,clay
1952,32.147778,11.264545,21.706161,24.0,Calibration,clay
1953,15.16856,-5.42577,4.871395,0.01,Calibration,clay
1954,43.247395,22.733883,32.99064,36.0,Calibration,clay
1955,35.09774,15.006231,25.051985,25.07,Calibration,clay
1956,17.573544,-2.7548566,7.4093432,5.0,Calibration,clay
1957,44.015083,23.91655,33.965816,39.0,Calibration,clay
1958,36.608692,16.27209,26.440392,29.0,Calibration,clay
1959,44.80727,24.576427,34.69185,39.0,Calibration,clay
1960,28.690977,8.803415,18.747196,26.0,Calibration,clay
1961,23.658726,3.78683,13.722778,13.0,Calibration,clay
1962,32.119164,10.2500305,21.184597,14.53,Calibration,clay
1963,28.711609,8.628554,18.670082,21.0,Calibration,clay
1964,36.37147,16.209423,26.290447,26.12,Calibration,clay
1965,34.07994,13.914754,23.997347,25.0,Calibration,clay
1966,39.02655,19.187054,29.106802,30.0,Calibration,clay
1967,24.24977,3.753067,14.001418,14.0,Calibration,clay
1968,52.33533,31.113422,41.724377,43.16,Calibration,clay
1969,42.239174,22.467392,32.353283,35.0,Calibration,clay
1970,78.5309,57.3439,67.9374,73.0,Calibration,clay
1971,36.938583,16.968277,26.95343,25.0,Calibration,clay
1972,69.12793,47.851116,58.489525,66.0,Calibration,clay
1973,17.904188,-2.0800972,7.9120455,5.0,Calibration,clay
1974,19.604994,-0.29874802,9.653123,5.0,Calibration,clay
1975,40.35368,20.362507,30.358093,30.0,Calibration,clay
1976,31.817814,11.699292,21.758553,21.0,Calibration,clay
1977,31.012405,11.207821,21.110113,16.75,Calibration,clay
1978,37.90701,18.413403,28.160206,26.51,Calibration,clay
1979,27.891869,7.823718,17.857794,16.0,Calibration,clay
1980,30.067108,10.278275,20.172691,20.0,Calibration,clay
1981,27.650303,6.2604456,16.955374,16.0,Calibration,clay
1982,40.47345,19.470428,29.97194,33.61,Calibration,clay
1983,34.572212,14.224313,24.398262,22.0,Calibration,clay
1984,92.40114,70.6423,81.52172,84.0,Calibration,clay
1985,15.386126,-4.390159,5.4979835,4.0,Calibration,clay
1986,30.671684,9.688758,20.180222,25.0,Calibration,clay
1987,28.643469,8.867434,18.755451,13.4,Calibration,clay
1988,32.85501,12.353202,22.604107,21.0,Calibration,clay
1989,21.599995,1.6574945,11.628744,13.0,Calibration,clay
1990,35.291637,14.526513,24.909075,26.0,Calibration,clay
1991,30.553814,10.454173,20.503994,19.0,Calibration,clay
1992,64.77473,43.55062,54.162674,57.0,Calibration,clay
1993,63.639854,43.252274,53.446064,52.0,Calibration,clay
1994,30.019188,9.281568,19.650377,20.0,Calibration,clay
1995,53.789936,32.88699,43.338463,25.67,Calibration,clay
1996,15.000687,-5.3153863,4.84265,7.0,Calibration,clay
1997,14.560413,-5.5364513,4.511981,4.59,Calibration,clay
1998,36.431484,15.748607,26.090046,30.0,Calibration,clay
1999,16.736706,-4.8875446,5.9245806,4.0,Calibration,clay
2000,49.11208,28.04066,38.57637,39.0,Calibration,clay
2001,86.26808,64.70102,75.48455,81.0,Calibration,clay
2002,32.64096,12.206534,22.423748,22.0,Calibration,clay
2003,42.544903,22.535496,32.5402,34.0,Calibration,clay
2004,34.48873,13.80333,24.14603,24.0,Calibration,clay
2005,36.970924,16.912128,26.941526,26.0,Calibration,clay
2006,35.990906,15.496977,25.743942,27.0,Calibration,clay
2007,30.402557,10.499366,20.450962,22.0,Calibration,clay
2008,23.279434,3.379901,13.329668,11.0,Calibration,clay
2009,73.18707,52.267654,62.727364,64.98,Calibration,clay
2010,40.649055,20.656204,30.65263,30.77,Calibration,clay
2011,36.184097,15.064021,25.62406,27.0,Calibration,clay
2012,33.720436,13.555944,23.63819,25.0,Calibration,clay
2013,14.900981,-4.8040705,5.048455,1.31,Calibration,clay
2014,14.726192,-5.7586017,4.4837956,1.0,Calibration,clay
2015,43.552746,22.705578,33.12916,34.92,Calibration,clay
2016,45.18664,25.142002,35.16432,34.11,Calibration,clay
2017,20.210732,0.053753853,10.132242,12.0,Calibration,clay
2018,20.7028,0.75007534,10.726438,9.0,Calibration,clay
2019,66.33292,46.26489,56.2989,51.22,Calibration,clay
2020,15.241127,-5.5074086,4.866859,2.18,Calibration,clay
2021,18.768661,-0.76062393,9.004019,8.27,Calibration,clay
2022,14.532412,-4.9339867,4.7992125,3.0,Calibration,clay
2023,34.991013,13.792608,24.39181,24.0,Calibration,clay
2024,34.10498,13.92149,24.013235,23.0,Calibration,clay
2025,40.634983,21.289352,30.962168,34.0,Calibration,clay
2026,37.781105,17.87276,27.826933,35.74,Calibration,clay
2027,19.497574,0.11248875,9.805031,12.0,Calibration,clay
2028,25.791567,4.9482517,15.369909,17.21,Calibration,clay
2029,28.115135,8.107349,18.111242,16.0,Calibration,clay
2030,40.81932,20.640293,30.729807,29.95,Calibration,clay
2031,32.395462,12.283171,22.339317,19.0,Calibration,clay
2032,19.51295,-1.6615744,8.925689,9.0,Calibration,clay
2033,42.207394,22.577198,32.392296,34.61,Calibration,clay
2034,17.94006,-1.7940321,8.073013,7.22,Calibration,clay
2035,32.494896,12.537908,22.516401,22.0,Calibration,clay
2036,48.131695,27.929249,38.03047,35.57,Calibration,clay
2037,27.078455,7.0282497,17.053352,13.0,Calibration,clay
2038,45.101078,24.752804,34.92694,35.0,Calibration,clay
2039,19.485462,-0.70994663,9.387757,4.0,Calibration,clay
2040,30.56744,10.701188,20.634314,20.0,Calibration,clay
2041,15.104391,-5.0804515,5.01197,2.0,Calibration,clay
2042,50.978046,30.812473,40.89526,47.0,Calibration,clay
2043,26.181782,5.2679663,15.7248745,14.17,Calibration,clay
2044,43.19203,23.675444,33.43374,32.0,Calibration,clay
2045,32.567955,12.310464,22.439209,22.0,Calibration,clay
2046,77.95079,56.271114,67.110954,70.49,Calibration,clay
2047,37.48497,17.906248,27.69561,29.0,Calibration,clay
2048,35.01185,15.227468,25.119658,25.0,Calibration,clay
2049,42.45831,22.660679,32.559494,29.0,Calibration,clay
2050,33.18387,12.938859,23.061363,21.0,Calibration,clay
2051,32.832184,12.744753,22.788467,23.0,Calibration,clay
2052,29.959423,9.588303,19.773863,17.68,Calibration,clay
2053,31.853327,11.452036,21.652681,21.43,Calibration,clay
2054,31.802902,11.453288,21.628096,21.0,Calibration,clay
2055,14.395382,-4.9767327,4.7093244,3.19,Calibration,clay
2056,32.633846,12.858135,22.74599,23.0,Calibration,clay
2057,14.949923,-5.625532,4.662195,1.0,Calibration,clay
2058,16.038986,-4.239789,5.899599,7.0,Calibration,clay
2059,57.15126,37.801964,47.476612,43.0,Calibration,clay
2060,77.28974,56.462746,66.87624,64.0,Calibration,clay
2061,40.84587,20.877392,30.861631,29.0,Calibration,clay
2062,20.53373,-0.36764622,10.083041,7.77,Calibration,clay
2063,58.9803,39.039406,49.009853,51.01,Calibration,clay
2064,59.981564,39.826992,49.904278,53.0,Calibration,clay
2065,68.686386,48.070892,58.37864,53.8,Calibration,clay
2066,36.919632,16.76865,26.844141,15.67,Calibration,clay
2067,41.1276,20.620323,30.873962,33.0,Calibration,clay
2068,63.92193,43.006607,53.464268,57.61,Calibration,clay
2069,37.66521,17.629192,27.647202,28.0,Calibration,clay
2070,40.20765,20.433151,30.3204,33.75,Calibration,clay
2071,37.74704,16.65175,27.199396,25.0,Calibration,clay
2072,28.073853,7.20625,17.64005,17.0,Calibration,clay
2073,35.656384,15.871254,25.763819,29.0,Calibration,clay
2074,28.09415,7.6293373,17.861744,12.0,Calibration,clay
2075,35.15525,15.256575,25.205914,26.0,Calibration,clay
2076,29.624983,8.816927,19.220955,20.96,Calibration,clay
2077,53.25186,33.064507,43.158184,38.91,Calibration,clay
2078,16.847626,-2.7575154,7.045055,4.0,Calibration,clay
2079,63.73186,43.075054,53.403458,58.3,Calibration,clay
2080,26.145172,6.171341,16.158257,19.0,Calibration,clay
2081,29.955456,9.871902,19.91368,22.0,Calibration,clay
2082,18.950802,-0.8584585,9.046172,9.0,Calibration,clay
2083,57.993847,37.575954,47.7849,49.0,Calibration,clay
2084,36.779907,16.266186,26.523046,26.11,Calibration,clay
2085,20.77688,0.91749763,10.847189,7.08,Calibration,clay
2086,45.664543,25.794579,35.72956,33.0,Calibration,clay
2087,29.284286,7.6352587,18.459772,22.56,Calibration,clay
2088,31.976532,12.024938,22.000734,24.0,Calibration,clay
2089,14.560497,-5.080475,4.740011,5.48,Calibration,clay
2090,93.746895,71.6699,82.7084,91.0,Calibration,clay
2091,20.560204,0.017329216,10.288766,9.76,Calibration,clay
2092,50.676178,30.87121,40.773693,43.04,Calibration,clay
2093,43.55829,23.748955,33.65362,32.0,Calibration,clay
2094,16.344027,-3.7235813,6.3102226,6.0,Calibration,clay
2095,31.489233,10.525339,21.007286,20.0,Calibration,clay
2096,39.03325,18.87358,28.953415,28.0,Calibration,clay
2097,48.38407,27.966856,38.175465,47.0,Calibration,clay
2098,22.603382,2.2662725,12.434827,10.0,Calibration,clay
2099,28.7298,8.312986,18.521393,17.68,Calibration,clay
2100,35.502533,16.201494,25.852013,23.06,Calibration,clay
2101,82.655556,60.331947,71.49375,76.4,Calibration,clay
2102,14.923073,-5.1943536,4.8643594,4.66,Calibration,clay
2103,19.591799,-0.43008232,9.580858,10.0,Calibration,clay
2104,51.200924,31.275188,41.238056,40.43,Calibration,clay
2105,45.753242,26.362679,36.05796,35.0,Calibration,clay
2106,38.09167,18.0267,28.059185,26.06,Calibration,clay
2107,85.58673,64.00864,74.79768,77.5,Calibration,clay
2108,31.203709,10.07393,20.638819,22.0,Calibration,clay
2109,33.684795,13.401418,23.543106,21.0,Calibration,clay
2110,30.807873,10.859749,20.83381,21.0,Calibration,clay
2111,30.731129,10.566968,20.649048,19.0,Calibration,clay
2112,25.102184,5.2923737,15.197279,15.22,Calibration,clay
2113,70.27769,49.02961,59.65365,59.0,Calibration,clay
2114,27.721878,7.6526175,17.687248,18.0,Calibration,clay
2115,19.156948,-4.12403,7.5164585,4.0,Calibration,clay
2116,23.457268,3.5140028,13.485635,13.0,Calibration,clay
2117,39.39043,19.758793,29.574612,26.0,Calibration,clay
2118,27.936611,7.5891037,17.762857,21.69,Calibration,clay
2119,40.759712,20.741179,30.750444,27.0,Calibration,clay
2120,18.989529,-1.708972,8.640279,9.08,Calibration,clay
2121,14.538069,-5.376686,4.5806913,2.0,Calibration,clay
2122,27.076702,6.909092,16.992897,15.0,Calibration,clay
2123,29.14242,7.5917225,18.367071,13.6,Calibration,clay
2124,16.861248,-3.0798273,6.89071,6.83,Calibration,clay
2125,47.756805,27.422112,37.58946,37.0,Calibration,clay
2126,19.902027,-0.21634007,9.842843,14.0,Calibration,clay
2127,28.707024,8.4407015,18.573862,17.83,Calibration,clay
2128,16.75929,-4.405575,6.176858,3.0,Calibration,clay
2129,79.64979,58.3353,68.992546,73.0,Calibration,clay
2130,36.169086,15.80819,25.988638,26.0,Calibration,clay
2131,22.899227,2.8934546,12.89634,11.0,Calibration,clay
2132,27.141762,6.5790863,16.860424,10.0,Calibration,clay
2133,30.457388,9.566046,20.011717,17.0,Calibration,clay
2134,16.109175,-3.8529792,6.128098,5.0,Calibration,clay
2135,32.95764,11.541606,22.249624,20.0,Calibration,clay
2136,25.685472,5.4839954,15.584734,16.0,Calibration,clay
2137,34.356594,13.982636,24.169615,21.03,Calibration,clay
2138,42.036957,21.165508,31.601233,29.0,Calibration,clay
2139,30.018764,9.258907,19.638836,21.0,Calibration,clay
2140,33.49422,13.130116,23.312168,14.99,Calibration,clay
2141,30.012493,9.276653,19.644573,19.0,Calibration,clay
2142,68.4896,48.057755,58.273678,48.0,Calibration,clay
2143,36.63031,16.698986,26.664648,28.9,Calibration,clay
2144,14.64427,-5.151935,4.7461677,1.3,Calibration,clay
2145,14.81298,-5.4915876,4.660696,1.0,Calibration,clay
2146,25.96649,6.606863,16.286676,16.0,Calibration,clay
2147,17.891254,-2.3925815,7.7493367,6.0,Calibration,clay
2148,15.177279,-4.3211966,5.4280415,7.33,Calibration,clay
2149,39.6381,18.921535,29.279818,24.87,Calibration,clay
2150,40.878338,20.793858,30.836098,28.0,Calibration,clay
2151,15.98731,-4.9034514,5.5419297,2.0,Calibration,clay
2152,27.816193,7.552353,17.684273,21.0,Calibration,clay
2153,38.917717,18.727446,28.82258,28.0,Calibration,clay
2154,28.289005,8.681576,18.48529,17.0,Calibration,clay
2155,14.741682,-5.6157928,4.562945,1.0,Calibration,clay
2156,41.640526,21.599586,31.620056,31.0,Calibration,clay
2157,44.756336,24.34148,34.54891,33.0,Calibration,clay
2158,26.381523,5.950137,16.16583,12.54,Calibration,clay
2159,29.012459,7.7960863,18.404272,16.92,Calibration,clay
2160,21.613258,1.7584801,11.685869,9.0,Calibration,clay
2161,34.097095,13.992869,24.044983,28.0,Calibration,clay
2162,23.623655,3.7435055,13.68358,12.3,Calibration,clay
2163,18.502342,-1.5042372,8.499053,5.0,Calibration,clay
2164,73.68142,50.162548,61.92198,82.28,Calibration,clay
2165,36.766495,16.36185,26.564173,30.0,Calibration,clay
2166,24.773838,2.1803007,13.47707,12.0,Calibration,clay
2167,24.797112,5.1231384,14.960125,13.79,Calibration,clay
2168,23.400684,3.2382498,13.319468,14.0,Calibration,clay
2169,44.8333,24.595196,34.71425,35.0,Calibration,clay
2170,34.45452,14.366945,24.410732,24.72,Calibration,clay
2171,53.39701,33.56784,43.482426,47.0,Calibration,clay
2172,39.519096,19.209713,29.364405,30.0,Calibration,clay
2173,15.501251,-4.722303,5.3894744,5.0,Calibration,clay
2174,50.00749,29.754055,39.88077,40.0,Calibration,clay
2175,73.94168,53.475315,63.7085,62.0,Calibration,clay
2176,31.756004,10.968432,21.362219,22.0,Calibration,clay
2177,29.557564,9.796491,19.677027,20.0,Calibration,clay
2178,29.625233,8.868469,19.246851,8.0,Calibration,clay
2179,24.72845,5.0647078,14.89658,13.62,Calibration,clay
2180,33.189613,12.242741,22.716177,25.0,Calibration,clay
2181,36.68868,16.244984,26.466831,26.09,Calibration,clay
2182,31.302767,10.907442,21.105104,22.07,Calibration,clay
2183,41.117596,21.435658,31.276627,27.8,Calibration,clay
2184,41.059658,21.098724,31.079191,32.0,Calibration,clay
2185,29.875053,9.776071,19.825562,20.0,Calibration,clay
2186,14.596718,-5.312382,4.6421676,3.94,Calibration,clay
2187,32.885204,12.483975,22.68459,23.0,Calibration,clay
2188,23.528378,3.7872782,13.657827,15.62,Calibration,clay
2189,33.712334,13.664934,23.688633,25.0,Calibration,clay
2190,46.40629,22.446848,34.426567,35.78,Calibration,clay
2191,25.796398,5.509737,15.653068,17.0,Calibration,clay
2192,15.757254,-5.156977,5.300138,2.8,Calibration,clay
2193,62.7566,40.18599,51.471294,50.61,Calibration,clay
2194,71.241486,50.242527,60.74201,63.993603,Calibration,clay
2195,40.300446,19.984571,30.14251,35.0,Calibration,clay
2196,39.882744,19.895136,29.88894,33.59,Calibration,clay
2197,14.943439,-5.526984,4.708227,1.0,Calibration,clay
2198,16.227722,-2.9858904,6.6209164,7.42,Calibration,clay
2199,15.397968,-5.6105723,4.893698,3.0,Calibration,clay
2200,46.037796,25.732069,35.884933,32.99,Calibration,clay
2201,56.440353,36.143723,46.292038,45.0,Calibration,clay
2202,16.067139,-3.788755,6.139192,2.49,Calibration,clay
2203,33.831863,13.780459,23.806162,28.0,Calibration,clay
2204,33.2938,12.335268,22.814533,21.0,Calibration,clay
2205,14.92259,-4.797485,5.062553,2.0,Calibration,clay
2206,36.283646,16.179241,26.231443,25.0,Calibration,clay
2207,32.844055,12.742227,22.79314,23.0,Calibration,clay
2208,36.21924,15.529486,25.874363,20.0,Calibration,clay
2209,82.97003,59.865677,71.417854,71.0,Calibration,clay
2210,29.158218,7.992077,18.575148,21.0,Calibration,clay
2211,30.70499,10.667328,20.68616,20.16,Calibration,clay
2212,36.681583,16.41306,26.547321,25.0,Calibration,clay
2213,20.581287,-0.523262,10.029013,10.0,Calibration,clay
2214,14.483675,-5.524095,4.47979,2.8,Calibration,clay
2215,33.58706,12.662017,23.124538,20.0,Calibration,clay
2216,27.211145,6.1266766,16.668911,15.0,Calibration,clay
2217,14.861158,-5.457273,4.701943,0.009999,Calibration,clay
2218,50.289772,29.261658,39.775715,36.73,Calibration,clay
2219,14.776527,-5.50605,4.6352386,1.77,Calibration,clay
2220,46.52231,26.024786,36.27355,36.0,Calibration,clay
2221,47.26588,27.88525,37.575565,38.0,Calibration,clay
2222,31.235012,11.2920885,21.26355,22.0,Calibration,clay
2223,31.700075,11.923422,21.811749,22.0,Calibration,clay
2224,34.898434,15.056632,24.977533,27.0,Calibration,clay
2225,43.58041,23.321598,33.451004,31.82,Calibration,clay
2226,35.857365,15.921203,25.889284,24.96,Calibration,clay
2227,14.391836,-5.353824,4.5190063,1.0,Calibration,clay
2228,33.092026,13.082589,23.087307,22.0,Calibration,clay
2229,26.701952,6.512827,16.60739,18.0,Calibration,clay
2230,40.98392,21.077248,31.030584,29.93,Calibration,clay
2231,30.33437,10.093167,20.213768,18.0,Calibration,clay
2232,34.93358,13.866106,24.399843,30.0,Calibration,clay
2233,25.348564,4.213004,14.780784,17.0,Calibration,clay
2234,45.316826,25.355492,35.33616,34.0,Calibration,clay
2235,31.076492,10.461693,20.769093,19.04,Calibration,clay
2236,29.95436,9.606241,19.7803,23.0,Calibration,clay
2237,15.721122,-5.403487,5.1588173,3.0,Calibration,clay
2238,39.99401,19.870325,29.932167,30.0,Calibration,clay
2239,14.433689,-5.352577,4.540556,1.0,Calibration,clay
2240,31.994297,11.603425,21.79886,19.0,Calibration,clay
2241,19.81968,0.06952286,9.944601,8.55,Calibration,clay
2242,14.609613,-5.086176,4.7617188,0.01,Calibration,clay
2243,43.629166,22.115395,32.87228,32.0,Calibration,clay
2244,88.53792,66.75441,77.646164,82.0,Calibration,clay
2245,14.899749,-4.8567743,5.021487,2.0,Calibration,clay
2246,36.734653,17.291702,27.013178,28.0,Calibration,clay
2247,32.134018,11.945255,22.039637,24.0,Calibration,clay
2248,93.865234,71.97043,82.91783,89.0,Calibration,clay
2249,31.427238,11.224776,21.326008,16.0,Calibration,clay
2250,51.85102,31.459488,41.655254,38.01,Calibration,clay
2251,84.10768,62.98001,73.543846,78.0,Calibration,clay
2252,15.160758,-5.727153,4.7168026,1.0,Calibration,clay
2253,26.475483,5.94281,16.209146,15.42,Calibration,clay
2254,32.628838,12.260988,22.444912,24.0,Calibration,clay
2255,27.876934,7.7777987,17.827366,16.0,Calibration,clay
2256,16.549934,-3.8334346,6.35825,4.0,Calibration,clay
2257,63.337654,42.401466,52.86956,54.0,Calibration,clay
2258,37.03831,16.805054,26.921682,32.0,Calibration,clay
2259,25.75688,4.3148174,15.035849,13.0,Calibration,clay
2260,26.11248,2.764206,14.438343,20.08,Calibration,clay
2261,46.6444,26.764076,36.70424,33.0,Calibration,clay
2262,28.75539,7.8736887,18.314539,5.0,Calibration,clay
2263,49.929405,30.170616,40.05001,37.88,Calibration,clay
2264,44.849552,24.49982,34.674686,32.76,Calibration,clay
2265,35.049377,15.134305,25.09184,22.0,Calibration,clay
2266,39.85081,18.53973,29.19527,33.98,Calibration,clay
2267,24.28658,4.630265,14.458423,15.0,Calibration,clay
2268,18.724451,-1.3846035,8.669924,9.15,Calibration,clay
2269,28.429253,8.245964,18.337608,16.0,Calibration,clay
2270,29.978634,8.500146,19.23939,16.0,Calibration,clay
2271,68.4716,48.162872,58.317238,28.85,Calibration,clay
2272,22.022736,2.5322409,12.277489,13.0,Calibration,clay
2273,34.253975,14.156534,24.205256,27.0,Calibration,clay
2274,36.75302,17.192638,26.97283,25.36,Calibration,clay
2275,14.7160225,-5.685058,4.5154824,2.0,Calibration,clay
2276,26.016766,6.264081,16.140423,16.0,Calibration,clay
2277,34.522995,13.910551,24.216774,24.0,Calibration,clay
2278,22.862188,2.0582066,12.460197,19.0,Calibration,clay
2279,66.48389,44.97472,55.729305,57.0,Calibration,clay
2280,27.442291,6.712723,17.077507,18.89,Calibration,clay
2281,87.044785,65.84593,76.44536,80.0,Calibration,clay
2282,38.27149,17.933659,28.102573,30.0,Calibration,clay
2283,85.84358,63.732067,74.78783,78.0,Calibration,clay
2284,27.62316,7.789217,17.706188,21.34,Calibration,clay
2285,27.385027,6.923609,17.154318,14.68,Calibration,clay
2286,21.0714,0.66478443,10.868092,12.0,Calibration,clay
2287,34.30103,14.025382,24.163206,21.0,Calibration,clay
2288,14.212,-5.544447,4.3337765,2.0,Calibration,clay
2289,25.443575,4.8489,15.146237,16.2,Calibration,clay
2290,39.297173,19.564,29.430586,25.0,Calibration,clay
2291,14.421885,-5.407721,4.5070815,1.980198,Calibration,clay
2292,17.312925,-3.2910867,7.010919,3.0,Calibration,clay
2293,32.563114,12.769811,22.666462,19.0,Calibration,clay
2294,28.322994,8.913114,18.618053,16.76,Calibration,clay
2295,26.004562,6.3316116,16.168087,16.0,Calibration,clay
2296,36.575947,16.524918,26.550432,26.0,Calibration,clay
2297,30.947199,10.710691,20.828945,24.5,Calibration,clay
2298,52.186954,32.079365,42.13316,36.73,Calibration,clay
2299,15.833437,-3.8155494,6.008944,3.71,Calibration,clay
2300,35.97247,15.865105,25.918787,22.81,Calibration,clay
2301,52.477318,31.711998,42.094658,44.01,Calibration,clay
2302,76.188934,54.664494,65.42671,51.43,Calibration,clay
2303,23.833881,4.1111784,13.972529,15.45,Calibration,clay
2304,19.491776,-0.4161539,9.53781,9.25,Calibration,clay
2305,31.850924,11.779028,21.814976,22.0,Calibration,clay
2306,67.78993,47.240017,57.514977,51.76,Calibration,clay
2307,42.26175,22.35669,32.30922,26.0,Calibration,clay
2308,31.26564,11.564401,21.41502,20.65,Calibration,clay
2309,25.066088,4.649523,14.857805,19.0,Calibration,clay
2310,27.549295,5.646433,16.597864,14.0,Calibration,clay
2311,41.049706,20.705444,30.877575,29.27,Calibration,clay
2312,27.771158,7.6291065,17.700132,16.0,Calibration,clay
2313,14.862328,-4.825632,5.0183477,2.0,Calibration,clay
2314,80.07202,58.86557,69.468796,77.0,Calibration,clay
2315,36.605186,16.534948,26.570066,24.0,Calibration,clay
2316,28.256248,8.547054,18.401651,17.0,Calibration,clay
2317,51.295944,31.203674,41.24981,38.33,Calibration,clay
2318,49.623367,28.83458,39.228973,40.0,Calibration,clay
2319,14.600504,-5.6080346,4.4962344,0.009999,Calibration,clay
2320,23.300278,3.4086008,13.354439,11.0,Calibration,clay
2321,29.443398,9.586605,19.515001,19.0,Calibration,clay
2322,49.448917,29.32957,39.389244,36.19,Calibration,clay
2323,40.221863,20.128525,30.175194,35.68,Calibration,clay
2324,30.947319,10.563994,20.755657,19.51,Calibration,clay
2325,30.957516,11.303103,21.13031,23.0,Calibration,clay
2326,46.880398,25.941135,36.410767,36.0,Calibration,clay
2327,25.759438,3.5249357,14.642186,14.0,Calibration,clay
2328,43.968063,23.899803,33.933933,26.65,Calibration,clay
2329,28.387026,7.9790096,18.183018,18.0,Calibration,clay
2330,40.568775,20.378754,30.473764,31.0,Calibration,clay
2331,20.710804,0.42262745,10.566716,5.0,Calibration,clay
2332,36.141445,15.824066,25.982756,24.0,Calibration,clay
2333,28.496777,6.874461,17.68562,17.0,Calibration,clay
2334,33.964,13.539641,23.751822,23.0,Calibration,clay
2335,14.419771,-4.8707013,4.7745347,0.01,Calibration,clay
2336,35.10464,13.920768,24.512705,27.0,Calibration,clay
2337,39.105724,19.350136,29.22793,27.0,Calibration,clay
2338,41.17552,20.357388,30.766455,32.0,Calibration,clay
2339,24.725475,3.1324205,13.928947,9.0,Calibration,clay
2340,79.147835,58.260033,68.70393,67.0,Calibration,clay
2341,37.208626,16.81565,27.012138,25.0,Calibration,clay
2342,48.658966,28.122496,38.39073,37.72,Calibration,clay
2343,30.113567,9.6616335,19.8876,15.54,Calibration,clay
2344,19.176846,-0.8029728,9.186936,5.0,Calibration,clay
2345,16.31747,-4.0153875,6.151042,0.01,Calibration,clay
2346,43.17308,23.241203,33.20714,34.87,Calibration,clay
2347,36.382027,15.84516,26.113592,30.0,Calibration,clay
2348,18.123695,-1.4373083,8.343194,8.41,Calibration,clay
2349,33.271297,13.399045,23.33517,26.0,Calibration,clay
2350,26.96849,7.004607,16.98655,6.0,Calibration,clay
2351,15.078395,-5.387336,4.8455296,1.0,Calibration,clay
2352,48.59228,29.09731,38.844795,39.76,Calibration,clay
2353,28.447243,8.674915,18.561079,17.0,Calibration,clay
2354,14.418848,-5.4347596,4.492044,3.0,Calibration,clay
2355,21.995296,1.9372139,11.966255,13.0,Calibration,clay
2356,60.128277,40.23588,50.18208,53.23,Calibration,clay
2357,32.396503,12.687274,22.54189,28.0,Calibration,clay
2358,31.538666,11.66871,21.603687,20.0,Calibration,clay
2359,26.019192,6.5106993,16.264946,20.0,Calibration,clay
2360,20.356813,-2.4146042,8.971105,9.0,Calibration,clay
2361,41.76346,21.656826,31.710142,27.0,Calibration,clay
2362,43.67708,23.432693,33.554886,28.99,Calibration,clay
2363,35.202087,15.335492,25.26879,23.0,Calibration,clay
2364,15.636303,-5.7855916,4.9253554,0.01,Calibration,clay
2365,18.517488,-1.1741333,8.671678,11.0,Calibration,clay
2366,61.79306,42.300888,52.046974,57.47,Calibration,clay
2367,14.6141615,-5.6437235,4.485219,3.63,Calibration,clay
2368,30.26727,8.981243,19.624256,17.95,Calibration,clay
2369,32.711113,12.684756,22.697935,24.0,Calibration,clay
2370,15.388279,-4.08516,5.6515594,5.0,Calibration,clay
2371,77.22465,56.35154,66.78809,70.0,Calibration,clay
2372,35.948692,15.9405155,25.944603,19.88,Calibration,clay
2373,38.245277,18.247467,28.246372,25.79,Calibration,clay
2374,33.49853,13.417781,23.458157,23.0,Calibration,clay
2375,20.310402,-0.33098984,9.989706,9.0,Calibration,clay
2376,47.29204,27.471966,37.382004,38.0,Calibration,clay
2377,17.498484,-3.2132702,7.1426067,3.0,Calibration,clay
2378,36.03238,16.067549,26.049965,28.67,Calibration,clay
2379,14.055587,-5.8089914,4.1232977,0.4,Calibration,clay
2380,56.431095,35.61809,46.024593,42.82,Calibration,clay
2381,70.659874,50.232952,60.446415,54.52,Calibration,clay
2382,19.733234,-0.39145374,9.670891,9.0,Calibration,clay
2383,33.177002,13.048364,23.112682,23.0,Calibration,clay
2384,25.707733,3.0038643,14.355799,12.71,Calibration,clay
2385,67.70019,46.767574,57.233883,57.0,Calibration,clay
2386,44.297733,24.586224,34.44198,35.0,Calibration,clay
2387,40.27684,20.393986,30.335413,29.0,Calibration,clay
2388,35.824398,14.487015,25.155706,24.0,Calibration,clay
2389,29.529842,9.380361,19.455101,19.0,Calibration,clay
2390,25.84616,5.6945305,15.770346,11.0,Calibration,clay
2391,18.81559,-1.0319576,8.891816,6.0,Calibration,clay
2392,32.7652,13.259496,23.012348,18.26,Calibration,clay
2393,46.81076,25.81717,36.313965,35.73,Calibration,clay
2394,28.377018,8.464782,18.4209,18.0,Calibration,clay
2395,43.140717,23.287552,33.214134,34.0,Calibration,clay
2396,28.209326,6.683565,17.446445,15.0,Calibration,clay
2397,38.50745,18.396084,28.451767,27.14,Calibration,clay
2398,36.94156,16.843775,26.892668,27.0,Calibration,clay
2399,35.196617,15.369036,25.282825,29.0,Calibration,clay
2400,17.639238,-2.7081313,7.4655538,6.0,Calibration,clay
2401,35.077686,14.006955,24.54232,23.75,Calibration,clay
2402,60.20323,39.53276,49.867996,50.45,Calibration,clay
2403,22.882324,3.0294027,12.955864,11.0,Calibration,clay
2404,33.87614,13.368976,23.622559,25.0,Calibration,clay
2405,33.826027,13.884066,23.855047,24.0,Calibration,clay
2406,14.30814,-5.329106,4.4895167,1.0,Calibration,clay
2407,53.281425,33.458496,43.36996,43.0,Calibration,clay
2408,14.994776,-4.954907,5.019934,3.0,Calibration,clay
2409,30.018894,10.340874,20.179884,21.0,Calibration,clay
2410,18.385033,-1.5239544,8.430539,6.0,Calibration,clay
2411,31.985367,12.074448,22.029907,21.0,Calibration,clay
0,35.44176,13.636836,24.539299,42.86,Calibration,silt
1,49.5177,27.55973,38.538715,39.75,Calibration,silt
2,53.528107,30.896406,42.212257,49.77,Calibration,silt
3,48.2423,26.165005,37.20365,40.260002,Calibration,silt
4,65.34071,42.659863,54.00029,57.510002,Calibration,silt
5,68.39314,44.96657,56.679855,58.29,Calibration,silt
6,62.790874,38.286243,50.53856,46.44,Calibration,silt
7,78.67551,52.938416,65.80696,60.370003,Calibration,silt
8,75.05182,50.972748,63.012283,61.0,Calibration,silt
9,15.340597,-5.7435193,4.7985387,7.0,Calibration,silt
10,28.305553,6.715354,17.510454,14.389999,Calibration,silt
11,55.605835,31.316626,43.46123,38.949997,Calibration,silt
12,69.98387,46.431503,58.207687,56.04,Calibration,silt
13,80.44385,55.648655,68.04625,66.0,Calibration,silt
14,68.840225,45.00488,56.92255,53.0,Calibration,silt
15,16.294296,-4.9655523,5.6643724,7.16,Calibration,silt
16,28.308517,6.192752,17.250635,16.58,Calibration,silt
17,57.028034,35.41292,46.220478,45.58,Calibration,silt
18,64.28047,39.05854,51.669506,61.55,Calibration,silt
19,51.835804,29.593372,40.71459,42.420002,Calibration,silt
20,15.356425,-5.6738615,4.841282,0.78000003,Calibration,silt
21,49.657528,25.653675,37.6556,36.3,Calibration,silt
22,60.060684,37.421173,48.74093,45.879997,Calibration,silt
23,71.150475,44.476665,57.81357,63.53,Calibration,silt
24,41.48147,19.91363,30.697548,30.27,Calibration,silt
25,16.157276,-5.001712,5.5777826,1.79,Calibration,silt
26,52.18009,30.593163,41.386627,38.0,Calibration,silt
27,76.41562,51.80366,64.10964,65.0,Calibration,silt
28,60.143967,37.56215,48.853058,48.0,Calibration,silt
29,55.645275,33.732723,44.689,47.93,Calibration,silt
30,64.4494,41.58381,53.016605,58.79,Calibration,silt
31,15.194857,-6.0047894,4.5950336,4.72,Calibration,silt
32,77.6538,53.22968,65.44174,72.58,Calibration,silt
33,14.676022,-6.5180645,4.0789785,1.92,Calibration,silt
34,56.177277,33.32879,44.753033,44.410004,Calibration,silt
35,49.966568,28.24096,39.103764,32.073,Calibration,silt
36,50.77967,28.019234,39.399452,42.019997,Calibration,silt
37,25.992231,5.010168,15.5012,19.0,Calibration,silt
38,69.370544,46.375263,57.872906,58.0,Calibration,silt
39,16.201815,-5.183639,5.509088,0.85,Calibration,silt
40,68.85098,44.60292,56.72695,58.960003,Calibration,silt
41,64.43871,42.31607,53.37739,54.0,Calibration,silt
42,80.67046,55.769142,68.2198,58.300003,Calibration,silt
43,102.45247,67.77011,85.11129,90.79,Calibration,silt
44,69.93743,44.132576,57.035004,59.29,Calibration,silt
45,78.083275,54.434944,66.25911,67.0,Calibration,silt
46,74.59638,50.517075,62.55673,61.0,Calibration,silt
47,72.90239,49.973297,61.437843,58.0,Calibration,silt
48,75.27113,49.219654,62.24539,60.81,Calibration,silt
49,69.08652,43.528404,56.30746,45.04,Calibration,silt
50,47.17512,24.679234,35.927177,41.44,Calibration,silt
51,78.36277,53.571312,65.96704,60.510002,Calibration,silt
52,74.113335,49.934,62.023666,52.23,Calibration,silt
53,42.526077,21.112244,31.81916,34.58,Calibration,silt
54,70.581,47.750534,59.165768,56.0,Calibration,silt
55,43.19068,21.809502,32.50009,28.509998,Calibration,silt
56,16.410542,-5.395785,5.507378,1.677,Calibration,silt
57,66.10769,42.908497,54.508095,51.95,Calibration,silt
58,64.65357,41.10824,52.880905,46.93,Calibration,silt
59,50.864437,28.901196,39.882816,43.79,Calibration,silt
60,40.113247,18.230103,29.171675,25.65,Calibration,silt
61,71.05936,47.37934,59.21935,59.79,Calibration,silt
62,73.39676,49.63773,61.517242,59.230003,Calibration,silt
63,43.346348,21.907375,32.62686,36.870003,Calibration,silt
64,53.845543,32.391724,43.118633,45.53,Calibration,silt
65,48.71614,27.146545,37.931343,38.98,Calibration,silt
66,50.566837,27.868168,39.217503,41.440002,Calibration,silt
67,34.909985,13.350305,24.130144,18.95,Calibration,silt
68,67.868164,45.620945,56.744553,56.0,Calibration,silt
69,84.92834,57.72077,71.324554,78.44,Calibration,silt
70,82.21437,56.663815,69.439095,70.72,Calibration,silt
71,36.46076,15.128949,25.794853,26.685997,Calibration,silt
72,20.925797,0.05491829,10.490357,9.0,Calibration,silt
73,76.52882,51.715614,64.122215,68.1,Calibration,silt
74,79.809875,53.55868,66.68428,69.092,Calibration,silt
75,78.5547,53.08978,65.82224,63.300003,Calibration,silt
76,37.151478,14.922551,26.037014,22.58,Calibration,silt
77,77.94928,52.411957,65.18062,64.3,Calibration,silt
78,38.29552,16.494923,27.395222,22.37,Calibration,silt
79,46.303764,24.009682,35.156723,37.11,Calibration,silt
80,37.971672,16.810316,27.390993,25.0,Calibration,silt
81,72.14226,48.201763,60.172012,60.949997,Calibration,silt
82,64.87673,39.96348,52.42011,54.81,Calibration,silt
83,82.971504,57.02924,70.000374,74.79,Calibration,silt
84,59.06999,37.395298,48.232643,48.0,Calibration,silt
85,64.79826,40.769127,52.783695,48.510002,Calibration,silt
86,71.87914,48.34192,60.11053,60.86,Calibration,silt
87,66.83446,43.427307,55.130882,54.72,Calibration,silt
88,19.63807,-1.5652008,9.036434,4.628,Calibration,silt
89,66.75643,40.747368,53.7519,63.370003,Calibration,silt
90,67.45647,42.285233,54.87085,45.83,Calibration,silt
91,44.232796,21.606392,32.919594,37.181,Calibration,silt
92,80.93078,56.34094,68.63586,69.0,Calibration,silt
93,57.336853,35.138313,46.237583,49.370003,Calibration,silt
94,59.507324,37.790924,48.649124,50.760002,Calibration,silt
95,42.734146,20.779371,31.75676,32.730003,Calibration,silt
96,44.7713,22.976496,33.873898,23.740002,Calibration,silt
97,55.55643,33.324627,44.44053,42.370003,Calibration,silt
98,44.336338,22.996075,33.666206,30.95,Calibration,silt
99,62.09321,40.048004,51.070606,52.0,Calibration,silt
100,57.947327,35.190376,46.56885,49.370003,Calibration,silt
101,17.014366,-4.1231904,6.4455876,7.0,Calibration,silt
102,65.883545,42.822533,54.35304,56.0,Calibration,silt
103,73.5839,49.996887,61.790394,53.019997,Calibration,silt
104,76.901184,51.51901,64.2101,66.42,Calibration,silt
105,70.744705,44.5364,57.640553,59.980003,Calibration,silt
106,54.533966,33.18213,43.858047,39.0,Calibration,silt
107,15.503382,-5.7759666,4.8637075,1.532,Calibration,silt
108,28.97903,8.013477,18.496254,20.51,Calibration,silt
109,52.706985,30.884697,41.79584,42.93,Calibration,silt
110,71.69241,48.978775,60.335594,60.290005,Calibration,silt
111,37.576557,15.04335,26.309954,37.09,Calibration,silt
112,32.515305,11.397535,21.95642,19.730001,Calibration,silt
113,76.7064,48.305473,62.505936,65.877,Calibration,silt
114,87.57138,52.88412,70.22775,74.23,Calibration,silt
115,29.973019,7.754615,18.863817,27.950005,Calibration,silt
116,53.292915,31.515045,42.40398,44.460003,Calibration,silt
117,71.52856,47.2591,59.39383,55.79,Calibration,silt
118,75.94226,50.493553,63.217907,67.58,Calibration,silt
119,71.894806,48.471504,60.183155,56.0,Calibration,silt
120,71.04178,47.922234,59.482006,53.230003,Calibration,silt
121,67.180466,45.005173,56.09282,54.0,Calibration,silt
122,41.89872,19.208733,30.553726,26.07,Calibration,silt
123,73.60338,49.181213,61.392296,64.0,Calibration,silt
124,76.51504,53.09875,64.80689,67.58,Calibration,silt
125,65.505264,43.310173,54.40772,49.510002,Calibration,silt
126,58.513073,35.338154,46.925613,48.99,Calibration,silt
127,59.880463,34.855904,47.368183,36.63,Calibration,silt
128,71.953445,46.460644,59.207043,56.019997,Calibration,silt
129,72.718956,49.038635,60.878796,60.0,Calibration,silt
130,79.37271,54.149166,66.76094,68.0,Calibration,silt
131,57.577343,35.60928,46.59331,46.72,Calibration,silt
132,62.3172,40.33396,51.32558,49.089996,Calibration,silt
133,54.43825,32.872494,43.655373,42.37,Calibration,silt
134,38.587498,16.657005,27.622252,33.65,Calibration,silt
135,74.22949,50.437218,62.333355,65.0,Calibration,silt
136,62.52586,37.558025,50.041943,48.19,Calibration,silt
137,66.14399,43.274178,54.709084,53.65,Calibration,silt
138,64.899734,41.49723,53.198483,53.22,Calibration,silt
139,59.19209,37.58225,48.38717,48.7,Calibration,silt
140,63.21665,40.866436,52.041542,52.0,Calibration,silt
141,57.954514,34.087296,46.020905,46.0,Calibration,silt
142,38.664665,17.241243,27.952953,30.23,Calibration,silt
143,22.800533,1.9342794,12.367406,14.0,Calibration,silt
144,67.9616,44.57363,56.267616,55.150005,Calibration,silt
145,24.22509,1.2738638,12.749476,15.140001,Calibration,silt
146,83.634026,57.95133,70.79268,68.577,Calibration,silt
147,48.386894,26.62557,37.506233,33.44,Calibration,silt
148,69.87098,47.33411,58.602543,51.58,Calibration,silt
149,63.267117,40.25954,51.76333,49.0,Calibration,silt
150,19.15113,-2.0131798,8.568975,2.58,Calibration,silt
151,53.180763,30.818537,41.99965,28.0,Calibration,silt
152,76.870056,52.853317,64.86169,69.37,Calibration,silt
153,55.707733,33.60453,44.65613,47.0,Calibration,silt
154,36.672768,14.707338,25.690052,19.86,Calibration,silt
155,51.38012,29.605865,40.492992,41.098,Calibration,silt
156,57.808647,34.961884,46.385265,52.3,Calibration,silt
157,48.49931,26.917706,37.708508,41.100002,Calibration,silt
158,50.990353,29.078976,40.034664,43.52,Calibration,silt
159,58.847584,36.66451,47.756046,47.0,Calibration,silt
160,65.25726,42.121063,53.689163,51.93,Calibration,silt
161,64.6861,42.29797,53.49203,46.440002,Calibration,silt
162,59.259583,37.290085,48.274834,50.0,Calibration,silt
163,61.805347,39.596058,50.700703,50.37,Calibration,silt
164,62.506283,38.886112,50.696198,47.3,Calibration,silt
165,59.25538,36.60755,47.931465,44.95,Calibration,silt
166,71.773445,47.087315,59.43038,46.799995,Calibration,silt
167,38.712738,16.044025,27.378382,33.79,Calibration,silt
168,65.0583,42.597576,53.827934,52.089996,Calibration,silt
169,88.15526,61.41409,74.784676,74.58,Calibration,silt
170,70.215454,46.4437,58.32958,63.089996,Calibration,silt
171,87.12903,60.182068,73.65555,71.16,Calibration,silt
172,69.012726,43.67459,56.34366,41.899998,Calibration,silt
173,74.16375,50.591305,62.37753,62.51,Calibration,silt
174,59.288612,37.046272,48.167442,49.72,Calibration,silt
175,67.71257,43.684887,55.698727,54.0,Calibration,silt
176,72.07556,48.937767,60.506664,57.44,Calibration,silt
177,90.44821,59.374115,74.91116,78.72,Calibration,silt
178,68.134926,45.955917,57.04542,52.65,Calibration,silt
179,82.47455,51.84326,67.158905,78.86,Calibration,silt
180,57.6253,35.61067,46.617985,57.970005,Calibration,silt
181,61.318604,38.481125,49.899864,51.0,Calibration,silt
182,75.95062,48.689617,62.32012,62.820995,Calibration,silt
183,73.56161,48.353436,60.95752,63.380005,Calibration,silt
184,41.50372,19.706852,30.605286,40.24,Calibration,silt
185,80.9825,55.782974,68.38274,68.74,Calibration,silt
186,96.33191,65.76668,81.04929,85.51,Calibration,silt
187,32.528534,10.748224,21.638378,21.380999,Calibration,silt
188,79.81409,53.372074,66.59308,68.44,Calibration,silt
189,35.224358,13.729548,24.476954,25.88,Calibration,silt
190,35.686794,14.651394,25.169094,19.1,Calibration,silt
191,53.000088,30.135723,41.567905,41.83,Calibration,silt
192,63.26563,40.2235,51.744564,60.5,Calibration,silt
193,81.663795,54.537632,68.100716,61.44,Calibration,silt
194,18.203058,-3.2029915,7.5000334,9.0,Calibration,silt
195,78.16117,54.734215,66.44769,65.86,Calibration,silt
196,52.360962,27.086958,39.72396,53.300003,Calibration,silt
197,22.569029,-0.26080322,11.154113,10.93,Calibration,silt
198,83.28222,58.138206,70.71021,74.0,Calibration,silt
199,82.77745,56.541733,69.65959,75.275,Calibration,silt
200,68.9915,46.197075,57.594288,54.0,Calibration,silt
201,51.531845,29.104292,40.31807,41.839996,Calibration,silt
202,47.04879,25.592588,36.32069,40.23,Calibration,silt
203,50.664062,28.901892,39.782978,38.37,Calibration,silt
204,73.64415,50.566578,62.105366,56.86,Calibration,silt
205,76.29529,51.98018,64.13773,62.0,Calibration,silt
206,57.1488,32.76682,44.95781,48.160004,Calibration,silt
207,49.869972,28.27732,39.073647,39.63,Calibration,silt
208,60.50136,38.504597,49.50298,48.440002,Calibration,silt
209,56.428852,31.885578,44.157215,31.310001,Calibration,silt
210,59.074265,37.564888,48.319576,48.230003,Calibration,silt
211,45.0157,23.109741,34.06272,44.530003,Calibration,silt
212,83.14047,57.136124,70.1383,72.847,Calibration,silt
213,81.22468,55.390434,68.307556,68.44,Calibration,silt
214,18.86591,-2.3406305,8.262639,6.6499996,Calibration,silt
215,62.509384,40.319016,51.4142,53.0,Calibration,silt
216,66.610275,42.343304,54.47679,52.95,Calibration,silt
217,42.43416,20.845957,31.640059,24.0,Calibration,silt
218,55.227524,32.32705,43.777287,49.230003,Calibration,silt
219,61.41601,37.26363,49.33982,50.11,Calibration,silt
220,16.360916,-5.003095,5.6789107,9.0,Calibration,silt
221,44.164295,22.618275,33.391285,29.239998,Calibration,silt
222,77.454056,50.72287,64.08846,63.738,Calibration,silt
223,15.458023,-6.653515,4.402254,0.009999,Calibration,silt
224,64.4947,41.894814,53.194756,60.0,Calibration,silt
225,57.703186,36.079765,46.891476,47.77,Calibration,silt
226,49.796204,28.851845,39.324024,38.99,Calibration,silt
227,24.392786,3.294096,13.843441,5.940594,Calibration,silt
228,87.88775,59.224068,73.55591,73.23,Calibration,silt
229,67.43681,43.872246,55.65453,60.440002,Calibration,silt
230,44.314743,22.62029,33.467518,33.51,Calibration,silt
231,73.63916,49.49488,61.56702,63.37,Calibration,silt
232,56.76786,33.24073,45.004295,39.409996,Calibration,silt
233,29.282417,7.7996902,18.541054,23.74,Calibration,silt
234,75.76798,49.533905,62.650944,61.0,Calibration,silt
235,32.73716,10.936725,21.836943,23.530003,Calibration,silt
236,68.017654,44.589905,56.30378,53.969997,Calibration,silt
237,23.515057,2.605404,13.06023,6.0,Calibration,silt
238,101.191216,66.52863,83.859924,87.93,Calibration,silt
239,70.14473,46.68385,58.41429,60.230003,Calibration,silt
240,42.187504,20.467896,31.3277,28.0,Calibration,silt
241,79.14768,55.01879,67.08324,69.0,Calibration,silt
242,40.021866,18.717916,29.369892,30.99,Calibration,silt
243,43.921803,22.159054,33.04043,28.0,Calibration,silt
244,72.2662,47.99051,60.128353,62.720005,Calibration,silt
245,74.608665,50.20144,62.405052,56.0,Calibration,silt
246,46.15249,24.304062,35.228275,43.88,Calibration,silt
247,38.233864,15.110629,26.672247,28.93,Calibration,silt
248,45.93972,24.1127,35.02621,37.980003,Calibration,silt
249,72.556496,47.172134,59.864315,63.019997,Calibration,silt
250,28.554832,6.973649,17.76424,11.3,Calibration,silt
251,74.84349,50.639835,62.741665,70.79301,Calibration,silt
252,29.789368,9.036635,19.413002,16.81,Calibration,silt
253,53.718666,30.790728,42.254696,52.010002,Calibration,silt
254,24.215382,2.8587933,13.537087,7.87,Calibration,silt
255,69.332726,44.679302,57.006016,60.008,Calibration,silt
256,17.62214,-3.425743,7.098199,7.0,Calibration,silt
257,31.060087,10.215307,20.637697,21.0,Calibration,silt
258,65.5634,42.72102,54.14221,52.0,Calibration,silt
259,77.26177,53.329094,65.29543,68.79,Calibration,silt
260,44.974552,23.307858,34.141205,34.93,Calibration,silt
261,38.440865,16.450964,27.445913,29.880001,Calibration,silt
262,21.96437,0.95436954,11.45937,4.0200005,Calibration,silt
263,78.633354,53.335686,65.98452,70.0,Calibration,silt
264,60.5695,37.394726,48.982113,51.09,Calibration,silt
265,59.199673,36.556263,47.877968,52.32,Calibration,silt
266,103.77037,65.354004,84.56219,92.72,Calibration,silt
267,76.0917,50.73594,63.41382,66.37,Calibration,silt
268,47.868885,26.563145,37.216015,36.3,Calibration,silt
269,47.817375,25.87081,36.844093,42.05,Calibration,silt
270,59.013596,37.035378,48.024487,51.0,Calibration,silt
271,81.105125,56.781654,68.94339,68.93,Calibration,silt
272,59.06022,34.516724,46.78847,42.27,Calibration,silt
273,58.6829,36.956963,47.81993,44.0,Calibration,silt
274,44.294308,22.402027,33.348167,33.29,Calibration,silt
275,60.586052,37.440666,49.01336,50.300003,Calibration,silt
276,77.95596,52.78279,65.36938,69.937,Calibration,silt
277,61.830376,39.455017,50.642696,51.0,Calibration,silt
278,46.589405,24.961384,35.775394,36.14,Calibration,silt
279,49.701504,27.306767,38.504135,33.86,Calibration,silt
280,46.569542,25.376467,35.973003,43.454998,Calibration,silt
281,65.39809,42.176193,53.78714,52.25,Calibration,silt
282,59.42698,37.04963,48.238304,47.379997,Calibration,silt
283,53.799644,31.670393,42.73502,35.11,Calibration,silt
284,52.129906,29.323158,40.726532,43.399998,Calibration,silt
285,24.24918,1.2686644,12.758923,14.93,Calibration,silt
286,69.55258,46.72128,58.136932,56.0,Calibration,silt
287,82.8869,57.70868,70.29779,75.79,Calibration,silt
288,72.20129,48.367035,60.28416,63.0,Calibration,silt
289,44.367085,22.373455,33.37027,31.93,Calibration,silt
290,45.00508,23.248589,34.126835,34.37,Calibration,silt
291,54.02166,31.496094,42.758877,48.05,Calibration,silt
292,70.008575,47.094326,58.55145,55.0,Calibration,silt
293,65.383385,43.39179,54.38759,52.16,Calibration,silt
294,62.72808,39.32599,51.027035,48.440002,Calibration,silt
295,70.90794,46.946823,58.927383,65.72,Calibration,silt
296,60.38446,33.882324,47.133392,49.0,Calibration,silt
297,39.78181,17.997768,28.88979,32.0,Calibration,silt
298,54.564796,31.660255,43.112526,53.540005,Calibration,silt
299,59.32954,36.81439,48.071964,50.58,Calibration,silt
300,43.61418,21.98082,32.7975,36.3,Calibration,silt
301,69.96399,46.58965,58.27682,61.0,Calibration,silt
302,36.87487,15.495637,26.185253,27.570002,Calibration,silt
303,35.402344,13.9175,24.659922,21.23,Calibration,silt
304,75.62447,50.424107,63.02429,63.16,Calibration,silt
305,58.83745,35.91211,47.37478,50.370003,Calibration,silt
306,60.618214,37.995937,49.307076,55.58,Calibration,silt
307,38.217297,16.976765,27.59703,26.23,Calibration,silt
308,31.854156,8.771987,20.313072,20.86,Calibration,silt
309,59.660908,37.75587,48.70839,41.95,Calibration,silt
310,81.742455,55.20748,68.47497,66.512,Calibration,silt
311,53.623215,31.806656,42.714935,45.93,Calibration,silt
312,33.136444,11.917698,22.527071,8.0,Calibration,silt
313,36.30774,13.071306,24.689524,26.86,Calibration,silt
314,55.75271,33.14251,44.44761,46.58,Calibration,silt
315,74.83595,51.19059,63.01327,64.0,Calibration,silt
316,25.94912,4.000413,14.974767,7.0,Calibration,silt
317,41.841354,18.596302,30.218828,43.632004,Calibration,silt
318,75.65504,50.814873,63.234955,52.37,Calibration,silt
319,64.24824,40.76966,52.50895,42.0,Calibration,silt
320,54.78323,32.866543,43.824886,44.460003,Calibration,silt
321,86.9752,58.940285,72.95774,76.71,Calibration,silt
322,72.07617,47.681747,59.87896,64.0,Calibration,silt
323,53.39628,32.092697,42.744488,45.0,Calibration,silt
324,65.482796,42.226013,53.854404,55.0,Calibration,silt
325,45.33351,23.817566,34.57554,35.27,Calibration,silt
326,69.6718,45.96223,57.817017,60.72,Calibration,silt
327,76.32863,53.106506,64.71757,69.93,Calibration,silt
328,66.03211,41.829502,53.930805,53.5,Calibration,silt
329,71.33511,48.21225,59.77368,62.79,Calibration,silt
330,25.551046,4.0277157,14.789381,9.679999,Calibration,silt
331,62.8135,40.23133,51.522415,47.45,Calibration,silt
332,70.72511,47.306046,59.01558,58.0,Calibration,silt
333,47.31157,26.035082,36.673325,43.02,Calibration,silt
334,65.158424,40.98268,53.070553,61.570004,Calibration,silt
335,28.547218,6.361224,17.454222,18.02,Calibration,silt
336,48.41413,26.59961,37.50687,36.37,Calibration,silt
337,57.52836,35.193573,46.360966,45.0,Calibration,silt
338,84.39363,56.44409,70.41886,70.578,Calibration,silt
339,48.28222,27.536272,37.909245,28.439999,Calibration,silt
340,34.76062,12.99564,23.87813,24.99,Calibration,silt
341,73.96061,49.052814,61.506714,56.880005,Calibration,silt
342,58.96862,36.51557,47.742096,50.72,Calibration,silt
343,75.7218,49.036747,62.379276,65.93,Calibration,silt
344,59.086308,36.756,47.921154,45.0,Calibration,silt
345,49.41235,27.436214,38.424282,43.3,Calibration,silt
346,84.85118,58.006607,71.428894,69.947,Calibration,silt
347,23.753069,2.5005226,13.126796,13.009999,Calibration,silt
348,73.244514,49.456734,61.350624,58.670002,Calibration,silt
349,78.23912,53.00952,65.62432,70.88,Calibration,silt
350,24.763653,2.466545,13.615099,9.437004,Calibration,silt
351,57.345406,33.39068,45.368042,47.805,Calibration,silt
352,21.440403,0.44217396,10.941289,13.169999,Calibration,silt
353,25.734482,4.6639833,15.199233,14.0,Calibration,silt
354,62.61416,39.981537,51.297848,56.2,Calibration,silt
355,48.193916,25.600657,36.897285,39.49,Calibration,silt
356,73.07042,49.9716,61.52101,57.510002,Calibration,silt
357,53.512592,32.152454,42.832523,42.510002,Calibration,silt
358,56.769684,34.844177,45.80693,58.656002,Calibration,silt
359,40.85811,19.095886,29.976997,31.3,Calibration,silt
360,59.020695,36.648144,47.83442,56.089996,Calibration,silt
361,55.117554,32.86711,43.992332,35.3,Calibration,silt
362,69.49231,45.807083,57.649696,62.82,Calibration,silt
363,61.217564,37.360744,49.289154,47.09,Calibration,silt
364,30.127693,8.316384,19.222038,31.93,Calibration,silt
365,70.98997,47.74531,59.367638,62.0,Calibration,silt
366,31.418015,10.15301,20.785513,15.439999,Calibration,silt
367,66.00694,43.809708,54.908325,49.0,Calibration,silt
368,74.63887,50.22557,62.43222,65.79,Calibration,silt
369,18.319344,-2.8373408,7.7410016,4.236,Calibration,silt
370,76.040405,51.569057,63.804733,65.0,Calibration,silt
371,75.4451,51.575886,63.510494,67.0,Calibration,silt
372,56.387794,33.868683,45.12824,43.99,Calibration,silt
373,73.798294,50.041794,61.920044,64.373,Calibration,silt
374,62.098362,37.039135,49.56875,64.65,Calibration,silt
375,64.94494,42.527958,53.736446,49.79,Calibration,silt
376,29.161268,8.00765,18.58446,18.58,Calibration,silt
377,73.47901,49.811897,61.645454,69.23,Calibration,silt
378,46.34987,24.758125,35.553997,40.05,Calibration,silt
379,73.39402,44.879208,59.136616,78.23,Calibration,silt
380,60.73123,38.910126,49.82068,53.88,Calibration,silt
381,42.306046,20.330896,31.318472,32.72,Calibration,silt
382,68.588264,44.898575,56.74342,51.300003,Calibration,silt
383,65.83992,42.13094,53.985428,54.93,Calibration,silt
384,69.898865,44.756298,57.32758,62.510002,Calibration,silt
385,32.99426,11.846383,22.42032,19.0,Calibration,silt
386,55.607956,33.82115,44.714554,49.71,Calibration,silt
387,46.524837,24.685635,35.605236,37.16,Calibration,silt
388,66.14931,43.536133,54.84272,56.089996,Calibration,silt
389,83.58948,58.794647,71.19206,75.86,Calibration,silt
390,74.131,49.712776,61.921886,55.569996,Calibration,silt
391,59.847473,37.913513,48.880493,55.25,Calibration,silt
392,71.69762,47.847908,59.772762,56.0,Calibration,silt
393,23.90261,1.477088,12.689849,8.51,Calibration,silt
394,63.975327,40.91095,52.44314,48.98,Calibration,silt
395,38.99221,17.469097,28.230654,25.25,Calibration,silt
396,57.97036,35.68461,46.827484,49.170002,Calibration,silt
397,45.355225,23.86158,34.608402,28.0,Calibration,silt
398,34.735184,13.2692795,24.002232,27.68,Calibration,silt
399,78.9387,52.788795,65.86375,67.72,Calibration,silt
400,73.50247,49.710266,61.60637,60.05,Calibration,silt
401,19.280687,-1.6571846,8.811751,6.0799994,Calibration,silt
402,50.56869,28.523968,39.54633,35.353535,Calibration,silt
403,22.698776,0.87762165,11.788199,14.372999,Calibration,silt
404,70.373886,47.131878,58.752884,49.370003,Calibration,silt
405,77.168686,52.117996,64.64334,72.21001,Calibration,silt
406,53.811436,31.43581,42.623623,43.432,Calibration,silt
407,67.31451,44.832436,56.07347,59.0,Calibration,silt
408,78.18471,53.999954,66.09233,65.79,Calibration,silt
409,63.862713,38.861156,51.361935,42.53,Calibration,silt
410,50.388363,27.459293,38.92383,39.58,Calibration,silt
411,26.84775,5.420801,16.134275,8.44,Calibration,silt
412,59.239437,36.8737,48.05657,47.0,Calibration,silt
413,67.845505,44.301674,56.07359,51.230003,Calibration,silt
414,64.528854,41.192474,52.860664,54.0,Calibration,silt
415,63.75009,39.95652,51.853306,51.0,Calibration,silt
416,65.94848,42.903618,54.42605,52.0,Calibration,silt
417,60.508827,38.649467,49.579147,55.0,Calibration,silt
418,32.655922,11.59577,22.125845,19.16,Calibration,silt
419,39.79699,18.19997,28.99848,34.09,Calibration,silt
420,42.294025,21.107098,31.700562,37.23,Calibration,silt
421,80.8263,56.011574,68.41894,65.65,Calibration,silt
422,65.17707,42.404655,53.790863,58.0,Calibration,silt
423,35.164616,14.0287285,24.596672,42.86,Calibration,silt
424,27.310581,5.7807236,16.545652,18.0,Calibration,silt
425,74.78665,50.94945,62.868053,64.0,Calibration,silt
426,57.54689,35.07448,46.310684,46.88,Calibration,silt
427,58.321125,35.825428,47.073277,41.88,Calibration,silt
428,54.215446,33.444717,43.830082,43.91,Calibration,silt
429,68.6117,43.784157,56.19793,56.820004,Calibration,silt
430,65.8491,42.653908,54.251503,49.980003,Calibration,silt
431,68.35319,45.497086,56.925137,56.58,Calibration,silt
432,42.213943,20.792086,31.503016,35.0,Calibration,silt
433,71.37417,47.78155,59.577858,52.160004,Calibration,silt
434,79.42069,54.148907,66.7848,66.859,Calibration,silt
435,66.53687,44.497177,55.517025,56.72,Calibration,silt
436,60.799202,38.064056,49.43163,53.65,Calibration,silt
437,40.469193,19.424292,29.946743,34.99,Calibration,silt
438,73.53568,50.27452,61.9051,52.58,Calibration,silt
439,70.73143,47.586132,59.15878,62.370003,Calibration,silt
440,50.0373,26.371147,38.204224,44.300003,Calibration,silt
441,67.37383,44.47075,55.92229,52.6,Calibration,silt
442,58.108513,35.730278,46.919395,48.44,Calibration,silt
443,60.219734,37.404182,48.81196,49.510002,Calibration,silt
444,40.40497,18.74901,29.576988,29.009998,Calibration,silt
445,73.14563,49.521603,61.333614,65.0,Calibration,silt
446,16.602743,-4.305458,6.1486425,6.464,Calibration,silt
447,58.632423,33.29088,45.96165,43.510002,Calibration,silt
448,24.393238,3.393961,13.8935995,23.550001,Calibration,silt
449,57.988815,36.424232,47.206524,47.91,Calibration,silt
450,77.66383,51.967728,64.81578,59.79,Calibration,silt
451,39.93672,17.799223,28.867971,27.650002,Calibration,silt
452,77.41131,50.65232,64.031815,67.16,Calibration,silt
453,71.573235,48.63365,60.103443,55.99,Calibration,silt
454,75.593506,51.783722,63.688614,70.79,Calibration,silt
455,58.498215,35.480797,46.989506,44.38,Calibration,silt
456,75.67846,52.237354,63.95791,65.0,Calibration,silt
457,54.091103,31.938286,43.014694,44.85,Calibration,silt
458,71.03829,47.414654,59.22647,60.454002,Calibration,silt
459,38.82197,17.757908,28.28994,11.349999,Calibration,silt
460,27.998432,6.7009554,17.349693,10.65,Calibration,silt
461,40.57086,19.551285,30.061073,28.99,Calibration,silt
462,77.14232,53.280243,65.21128,65.0,Calibration,silt
463,29.83546,8.397393,19.116426,6.79,Calibration,silt
464,58.764168,37.108383,47.936275,50.0,Calibration,silt
465,93.3877,63.271248,78.329475,86.72,Calibration,silt
466,74.108475,49.84431,61.97639,64.090004,Calibration,silt
467,35.66198,11.984815,23.823397,28.93,Calibration,silt
468,71.9832,47.995525,59.98936,53.450005,Calibration,silt
469,46.79807,25.150486,35.974277,32.04,Calibration,silt
470,55.74369,33.693413,44.71855,46.300003,Calibration,silt
471,49.74002,27.15183,38.445927,41.23,Calibration,silt
472,41.215485,19.731857,30.473671,30.650002,Calibration,silt
473,73.89325,49.535713,61.71448,66.65199,Calibration,silt
474,82.20542,55.049904,68.62766,66.965004,Calibration,silt
475,51.25066,29.857624,40.554142,35.44,Calibration,silt
476,38.75148,16.704018,27.727749,21.77,Calibration,silt
477,74.151474,50.113846,62.13266,62.0,Calibration,silt
478,34.34399,12.6967125,23.520351,23.72,Calibration,silt
479,61.319984,39.29371,50.306847,52.230003,Calibration,silt
480,78.83721,55.171455,67.00433,68.0,Calibration,silt
481,49.4702,27.47418,38.47219,39.79,Calibration,silt
482,54.856705,31.931946,43.394325,35.09,Calibration,silt
483,55.92926,34.131752,45.030506,44.902004,Calibration,silt
484,68.2478,45.023346,56.635574,57.0,Calibration,silt
485,22.892605,1.0552454,11.973926,15.99,Calibration,silt
486,62.562965,40.362907,51.462936,53.640003,Calibration,silt
487,44.673973,22.331245,33.50261,24.710001,Calibration,silt
488,30.14291,8.557057,19.349983,22.41,Calibration,silt
489,28.76643,7.952285,18.359358,17.67,Calibration,silt
490,68.542854,46.058308,57.300583,59.0,Calibration,silt
491,78.08751,53.932056,66.00978,63.44,Calibration,silt
492,67.130424,43.543602,55.337013,55.81,Calibration,silt
493,52.40318,29.361263,40.88222,39.010002,Calibration,silt
494,18.221119,-2.7260447,7.7475376,4.4100003,Calibration,silt
495,61.02916,37.712013,49.370586,47.25,Calibration,silt
496,101.86829,67.43479,84.65154,91.99,Calibration,silt
497,52.492035,31.032898,41.762466,39.02,Calibration,silt
498,66.525734,42.967476,54.746605,55.089996,Calibration,silt
499,49.1703,27.441036,38.305668,43.030003,Calibration,silt
500,67.970245,44.471443,56.220844,56.879997,Calibration,silt
501,78.059654,52.77357,65.41661,67.86,Calibration,silt
502,64.20008,41.104362,52.65222,49.67,Calibration,silt
503,19.548431,-1.4347067,9.056862,8.0,Calibration,silt
504,29.50755,8.175328,18.841438,17.189999,Calibration,silt
505,85.426956,56.65851,71.04273,81.86,Calibration,silt
506,21.791365,0.9429436,11.367154,5.6499996,Calibration,silt
507,35.25162,13.778628,24.515125,23.25,Calibration,silt
508,76.707275,53.085262,64.89627,66.78,Calibration,silt
509,73.44733,49.859715,61.65352,62.56,Calibration,silt
510,66.98992,44.131004,55.560463,56.55,Calibration,silt
511,21.972702,1.155365,11.5640335,7.0,Calibration,silt
512,58.464405,36.280987,47.372696,47.88,Calibration,silt
513,60.65474,38.566513,49.610626,46.160004,Calibration,silt
514,49.624065,27.849598,38.73683,42.02,Calibration,silt
515,42.597435,21.23535,31.916393,27.36,Calibration,silt
516,43.915863,22.068886,32.992374,38.850002,Calibration,silt
517,64.9929,41.929714,53.461304,51.440002,Calibration,silt
518,42.570995,21.414604,31.9928,18.79,Calibration,silt
519,46.849102,24.503368,35.676235,36.520004,Calibration,silt
520,21.670826,0.69977856,11.185302,3.0,Calibration,silt
521,73.49757,49.764378,61.63097,62.0,Calibration,silt
522,42.13098,21.036846,31.583914,28.369999,Calibration,silt
523,17.978235,-3.1823182,7.3979583,4.844,Calibration,silt
524,17.019152,-4.0569644,6.481094,7.0599995,Calibration,silt
525,59.098873,36.514896,47.806885,37.350002,Calibration,silt
526,71.78902,45.504795,58.646904,73.09,Calibration,silt
527,80.005585,54.138184,67.071884,82.93,Calibration,silt
528,77.84421,48.69455,63.26938,60.04,Calibration,silt
529,60.546097,38.540718,49.543407,44.440002,Calibration,silt
530,83.8232,55.232834,69.528015,70.95,Calibration,silt
531,73.80367,48.276478,61.040073,51.67,Calibration,silt
532,82.70307,55.35653,69.0298,75.08,Calibration,silt
533,30.784397,9.683518,20.233957,5.89,Calibration,silt
534,62.160507,39.5884,50.874454,49.37,Calibration,silt
535,54.992065,32.761948,43.877007,42.46,Calibration,silt
536,53.511467,29.720337,41.615902,49.81,Calibration,silt
537,25.336733,3.7719326,14.554333,14.790001,Calibration,silt
538,67.8937,44.836502,56.3651,57.72,Calibration,silt
539,21.783222,0.4223547,11.102788,9.400001,Calibration,silt
540,76.00466,50.823914,63.414288,69.37,Calibration,silt
541,73.438126,50.115967,61.777046,60.0,Calibration,silt
542,71.45949,48.197384,59.828434,58.0,Calibration,silt
543,79.021255,53.53892,66.28009,60.750004,Calibration,silt
544,80.07146,55.151386,67.61142,67.0,Calibration,silt
545,34.3935,13.335858,23.86468,24.0,Calibration,silt
546,75.16033,49.9226,62.541466,68.893,Calibration,silt
547,56.2932,34.190136,45.24167,38.57,Calibration,silt
548,73.173836,48.6372,60.905518,58.47,Calibration,silt
549,56.690796,34.29432,45.492558,47.58,Calibration,silt
550,75.89927,52.23228,64.06577,65.138,Calibration,silt
551,63.937817,39.88226,51.910038,47.920002,Calibration,silt
552,73.35199,49.746742,61.549366,63.72,Calibration,silt
553,39.597996,18.162033,28.880014,33.016,Calibration,silt
554,62.409264,39.256554,50.83291,47.99,Calibration,silt
555,77.678444,52.975624,65.327034,64.0,Calibration,silt
556,73.71944,50.687744,62.20359,62.0,Calibration,silt
557,82.35972,57.067772,69.713745,75.0,Calibration,silt
558,21.14554,0.16112518,10.653333,2.5529997,Calibration,silt
559,61.912407,38.43193,50.17217,51.39,Calibration,silt
560,60.14654,36.893208,48.519875,53.79,Calibration,silt
561,34.14465,12.476111,23.31038,19.58,Calibration,silt
562,60.827354,35.925224,48.37629,50.59,Calibration,silt
563,75.81365,52.118828,63.96624,69.58,Calibration,silt
564,17.29691,-3.5917878,6.8525605,2.57,Calibration,silt
565,69.17263,46.418987,57.79581,51.0,Calibration,silt
566,26.264153,5.186947,15.72555,8.719999,Calibration,silt
567,80.01555,52.121464,66.068504,70.51,Calibration,silt
568,21.780802,-0.39546394,10.692669,10.580002,Calibration,silt
569,31.291855,7.749359,19.520607,27.86,Calibration,silt
570,66.54513,43.805218,55.17517,55.79,Calibration,silt
571,60.187828,36.895485,48.541656,54.919994,Calibration,silt
572,16.356514,-5.7550173,5.300748,3.0,Calibration,silt
573,14.734325,-6.4948616,4.119732,1.8599999,Calibration,silt
574,42.017555,20.12611,31.071833,32.72,Calibration,silt
575,43.232296,21.58485,32.408573,29.970001,Calibration,silt
576,67.383286,43.406586,55.394936,46.480003,Calibration,silt
577,70.456894,47.186657,58.821777,53.0,Calibration,silt
578,61.568024,39.392784,50.480404,49.949997,Calibration,silt
579,67.71985,45.18031,56.450077,59.0,Calibration,silt
580,95.04579,61.07222,78.059006,82.51,Calibration,silt
581,38.653175,17.194527,27.923851,28.94,Calibration,silt
582,60.582375,38.475586,49.52898,53.0,Calibration,silt
583,48.72339,27.522537,38.122963,36.0,Calibration,silt
584,45.77489,24.385288,35.08009,34.58,Calibration,silt
585,24.66008,3.610138,14.135109,10.549999,Calibration,silt
586,63.449413,39.87221,51.660812,52.390003,Calibration,silt
587,79.90094,52.319565,66.11025,60.510002,Calibration,silt
588,62.20655,40.306503,51.256527,52.0,Calibration,silt
589,73.740326,48.69025,61.215286,54.388,Calibration,silt
590,74.13843,49.71854,61.928486,64.0,Calibration,silt
591,58.235527,34.99846,46.616993,42.230003,Calibration,silt
592,17.181625,-3.8608842,6.6603703,5.65,Calibration,silt
593,66.24517,43.019203,54.632187,53.300003,Calibration,silt
594,66.57085,41.838463,54.204655,62.23,Calibration,silt
595,64.0039,40.013077,52.008488,48.83,Calibration,silt
596,61.27589,35.560543,48.418217,52.93,Calibration,silt
597,42.57058,21.255857,31.913218,36.0,Calibration,silt
598,70.06895,46.060596,58.064774,50.86,Calibration,silt
599,66.78522,43.272434,55.028828,48.019,Calibration,silt
600,74.81093,50.442455,62.626694,65.58,Calibration,silt
601,59.621964,36.569572,48.095768,48.229996,Calibration,silt
602,56.48622,33.740196,45.11321,43.44,Calibration,silt
603,52.765106,31.161371,41.963238,44.81,Calibration,silt
604,75.026634,51.22577,63.1262,61.0,Calibration,silt
605,24.798338,3.4586906,14.128514,12.61,Calibration,silt
606,58.225456,35.858795,47.042126,43.72,Calibration,silt
607,62.93955,40.092876,51.516212,51.23,Calibration,silt
608,75.86966,48.870644,62.37015,72.95,Calibration,silt
609,60.458717,36.290962,48.37484,55.370003,Calibration,silt
610,55.994404,33.466396,44.7304,44.65,Calibration,silt
611,68.350296,44.91366,56.631977,63.640003,Calibration,silt
612,64.27573,42.32841,53.302067,47.0,Calibration,silt
613,80.20029,51.394165,65.797226,65.135,Calibration,silt
614,88.3902,58.935165,73.66268,74.133,Calibration,silt
615,75.12917,51.203396,63.166283,62.0,Calibration,silt
616,72.75824,48.193653,60.47595,65.72,Calibration,silt
617,52.353806,30.583908,41.468857,39.44,Calibration,silt
618,30.481932,9.218863,19.850397,17.03,Calibration,silt
619,26.67959,5.016926,15.848258,18.37,Calibration,silt
620,54.99069,32.76553,43.87811,37.95,Calibration,silt
621,68.383606,44.800278,56.59194,53.209995,Calibration,silt
622,84.0099,57.506145,70.758026,70.44,Calibration,silt
623,39.92551,18.58495,29.25523,21.16,Calibration,silt
624,89.81011,61.359764,75.58494,77.72,Calibration,silt
625,77.82301,52.318035,65.070526,64.102005,Calibration,silt
626,15.104659,-6.3166113,4.394024,0.97800016,Calibration,silt
627,46.93143,25.491306,36.21137,37.0,Calibration,silt
628,42.960823,21.616898,32.28886,34.0,Calibration,silt
629,83.66201,58.677635,71.16982,69.93,Calibration,silt
630,61.1717,39.694893,50.433296,42.65,Calibration,silt
631,81.650955,56.00728,68.82912,68.16,Calibration,silt
632,53.951313,31.2345,42.592907,41.37,Calibration,silt
633,16.61459,-4.5796213,6.0174837,2.93,Calibration,silt
634,17.844883,-3.308936,7.267973,7.7200003,Calibration,silt
635,65.830826,42.09758,53.964203,49.510002,Calibration,silt
636,45.269855,22.796444,34.03315,38.690002,Calibration,silt
637,70.51368,48.036785,59.275234,59.81,Calibration,silt
638,48.311924,26.432514,37.37222,43.510002,Calibration,silt
639,41.600307,19.666645,30.633476,35.86,Calibration,silt
640,27.292755,5.3694534,16.331104,19.93,Calibration,silt
641,66.6006,44.497124,55.548862,50.58,Calibration,silt
642,66.05297,43.10166,54.577316,54.56,Calibration,silt
643,74.996,49.168854,62.082428,66.65,Calibration,silt
644,18.189959,-3.1674514,7.511254,5.69,Calibration,silt
645,22.70922,1.8262033,12.267713,10.0,Calibration,silt
646,65.02145,42.14292,53.582184,52.72,Calibration,silt
647,31.166801,10.010621,20.58871,19.37,Calibration,silt
648,43.806816,21.696404,32.75161,33.78,Calibration,silt
649,37.977245,16.405277,27.191261,28.44,Calibration,silt
650,71.30253,47.52365,59.41309,59.670002,Calibration,silt
651,39.45444,18.182278,28.81836,16.509998,Calibration,silt
652,65.210724,42.88135,54.04604,55.0,Calibration,silt
653,62.7136,40.421547,51.567574,51.81,Calibration,silt
654,68.37308,44.23477,56.303925,56.58,Calibration,silt
655,57.577084,35.376102,46.476593,43.976997,Calibration,silt
656,63.085506,38.515293,50.8004,51.54,Calibration,silt
657,51.694935,29.492321,40.593628,39.0,Calibration,silt
658,56.80171,34.575268,45.688488,48.72,Calibration,silt
659,58.513626,36.48352,47.498573,54.370003,Calibration,silt
660,47.74791,25.876404,36.812157,36.81,Calibration,silt
661,71.95375,48.132275,60.043015,62.86,Calibration,silt
662,70.33859,46.0225,58.180546,66.68,Calibration,silt
663,49.806263,28.132221,38.969242,32.44,Calibration,silt
664,86.14989,57.077953,71.61392,68.44,Calibration,silt
665,81.24846,55.471416,68.35994,69.86,Calibration,silt
666,68.52775,44.366074,56.44691,56.0,Calibration,silt
667,75.48153,50.51038,62.995956,52.82,Calibration,silt
668,41.075684,19.442188,30.258936,27.16,Calibration,silt
669,46.860104,25.068668,35.964386,42.885998,Calibration,silt
670,42.261196,19.727837,30.994516,33.63,Calibration,silt
671,52.72582,30.963253,41.844536,38.67,Calibration,silt
672,30.84975,9.658284,20.254017,19.44,Calibration,silt
673,64.24955,41.232872,52.74121,47.440002,Calibration,silt
674,83.24668,58.344097,70.79539,74.79,Calibration,silt
675,43.68027,22.302914,32.991592,32.11,Calibration,silt
676,62.155098,40.107224,51.13116,50.0,Calibration,silt
677,73.17654,47.96232,60.569427,70.58,Calibration,silt
678,75.78021,51.521065,63.65064,63.370003,Calibration,silt
679,62.629066,39.529823,51.079445,58.65,Calibration,silt
680,68.113266,45.132397,56.622833,48.66,Calibration,silt
681,24.006264,2.9033098,13.454787,6.0,Calibration,silt
682,75.83558,52.105675,63.970627,66.0,Calibration,silt
683,29.039923,7.3509808,18.195452,4.86,Calibration,silt
684,44.016895,22.796818,33.406857,32.23,Calibration,silt
685,58.5711,36.19577,47.383434,43.0,Calibration,silt
686,23.110945,1.7829762,12.44696,8.625001,Calibration,silt
687,62.957462,40.313564,51.635513,47.44,Calibration,silt
688,48.76008,26.575056,37.66757,32.86,Calibration,silt
689,26.15553,4.294359,15.224945,10.93,Calibration,silt
690,78.816,51.133877,64.97494,74.95,Calibration,silt
691,74.10165,50.378647,62.240147,58.0,Calibration,silt
692,86.2496,59.33354,72.79157,69.58,Calibration,silt
693,66.606445,43.45316,55.029804,55.93,Calibration,silt
694,65.42267,42.543957,53.98331,58.0,Calibration,silt
695,53.03384,30.223728,41.628784,42.63,Calibration,silt
696,28.801659,7.9458227,18.373741,16.0,Calibration,silt
697,71.246735,48.609974,59.928356,63.93,Calibration,silt
698,80.571014,55.183086,67.87705,76.41,Calibration,silt
699,53.61528,31.761215,42.688248,44.47,Calibration,silt
700,69.82935,44.165985,56.99767,55.36,Calibration,silt
701,61.03417,39.05411,50.04414,51.510002,Calibration,silt
702,65.387665,40.142376,52.76502,57.93,Calibration,silt
703,56.957733,32.818695,44.888214,46.160004,Calibration,silt
704,88.692,59.34453,74.018265,77.44,Calibration,silt
705,53.672745,31.79213,42.732437,47.13,Calibration,silt
706,59.955765,37.657585,48.806675,51.190002,Calibration,silt
707,81.125755,55.386177,68.25597,67.44,Calibration,silt
708,41.37198,19.88459,30.628284,32.58,Calibration,silt
709,47.282143,25.343872,36.313007,37.67,Calibration,silt
710,64.66733,42.514725,53.591026,57.206,Calibration,silt
711,75.15601,51.36296,63.259487,63.0,Calibration,silt
712,47.042664,25.193674,36.118168,33.93,Calibration,silt
713,72.75124,48.560925,60.656082,58.02,Calibration,silt
714,72.159325,47.286545,59.722935,52.079994,Calibration,silt
715,73.29338,49.384567,61.338974,68.74,Calibration,silt
716,53.911903,30.819052,42.36548,45.88,Calibration,silt
717,68.75727,45.22895,56.99311,55.86,Calibration,silt
718,55.547462,31.599678,43.57357,41.0,Calibration,silt
719,67.059395,43.88864,55.47402,50.190002,Calibration,silt
720,70.67725,46.660767,58.66901,61.78,Calibration,silt
721,63.042656,40.63047,51.836563,53.0,Calibration,silt
722,72.05332,48.979218,60.51627,62.0,Calibration,silt
723,90.62834,60.95053,75.78944,78.65,Calibration,silt
724,62.292408,40.47656,51.384483,53.79,Calibration,silt
725,78.33951,50.99034,64.664925,67.91,Calibration,silt
726,69.53728,45.84725,57.692265,56.0,Calibration,silt
727,73.08866,49.14993,61.119297,62.0,Calibration,silt
728,72.41747,48.37908,60.398277,56.440002,Calibration,silt
729,27.58694,5.243206,16.415073,22.93,Calibration,silt
730,69.74846,47.32809,58.538277,56.0,Calibration,silt
731,62.685143,40.692993,51.689068,47.72,Calibration,silt
732,43.09319,21.969608,32.5314,32.860004,Calibration,silt
733,73.5977,49.692867,61.645283,59.77,Calibration,silt
734,65.751366,42.71804,54.234703,55.79,Calibration,silt
735,47.93736,25.88361,36.910484,43.53,Calibration,silt
736,41.118557,19.32064,30.219599,31.650002,Calibration,silt
737,69.1659,45.342075,57.25399,58.79,Calibration,silt
738,25.92912,3.2661371,14.597629,14.790001,Calibration,silt
739,65.234116,42.362907,53.79851,55.230003,Calibration,silt
740,58.232376,36.79149,47.511932,50.86,Calibration,silt
741,47.12799,25.129217,36.128605,38.91,Calibration,silt
742,61.40384,37.55452,49.47918,45.46,Calibration,silt
743,61.18977,38.74844,49.969105,56.41,Calibration,silt
744,41.252853,19.859297,30.556076,28.580002,Calibration,silt
745,64.05206,42.01657,53.034317,56.100002,Calibration,silt
746,81.75763,56.802143,69.279884,71.0,Calibration,silt
747,47.913467,25.727827,36.82065,30.2,Calibration,silt
748,15.773743,-5.3573174,5.2082124,7.79,Calibration,silt
749,36.71228,15.578021,26.145151,20.359999,Calibration,silt
750,67.67154,44.946606,56.30907,53.0,Calibration,silt
751,18.02742,-3.0942354,7.466592,6.55,Calibration,silt
752,60.82965,38.597687,49.71367,51.06,Calibration,silt
753,40.994907,19.279259,30.137083,32.95,Calibration,silt
754,51.49202,30.048012,40.770016,41.38,Calibration,silt
755,42.132523,20.824228,31.478376,40.93,Calibration,silt
756,25.152012,4.2926397,14.722325,9.0,Calibration,silt
757,46.929947,23.084656,35.0073,41.86,Calibration,silt
758,22.862057,0.6303835,11.746221,17.0,Calibration,silt
759,69.9384,47.028038,58.48322,60.860004,Calibration,silt
760,26.494946,5.621749,16.058348,5.51,Calibration,silt
761,56.569527,33.574608,45.072067,46.350002,Calibration,silt
762,65.81891,42.669724,54.244316,54.109997,Calibration,silt
763,57.667145,35.022003,46.344574,57.65,Calibration,silt
764,19.60447,-4.491664,7.556403,7.5899997,Calibration,silt
765,50.883793,29.278942,40.081367,35.44,Calibration,silt
766,55.381313,33.264835,44.323074,38.3,Calibration,silt
767,31.656567,10.493184,21.074875,13.460001,Calibration,silt
768,39.845047,18.11772,28.981382,33.58,Calibration,silt
769,27.900145,6.2503796,17.075262,20.99,Calibration,silt
770,76.87913,51.77547,64.3273,64.16,Calibration,silt
771,80.928535,54.98014,67.95434,69.65,Calibration,silt
772,52.22767,30.894493,41.56108,45.79,Calibration,silt
773,15.363179,-6.3221083,4.5205355,0.76,Calibration,silt
774,16.684732,-4.975052,5.8548403,6.0,Calibration,silt
775,52.949787,31.05447,42.00213,41.51,Calibration,silt
776,76.95209,53.59366,65.27287,69.0,Calibration,silt
777,33.606445,12.706731,23.156588,19.62,Calibration,silt
778,58.77133,36.9394,47.855366,46.230003,Calibration,silt
779,64.9521,42.23335,53.592728,54.37,Calibration,silt
780,57.153656,35.352516,46.253086,48.81,Calibration,silt
781,83.354515,57.941975,70.64825,72.86,Calibration,silt
782,55.68753,33.60283,44.64518,37.71,Calibration,silt
783,58.356575,35.7995,47.078037,50.160004,Calibration,silt
784,80.203316,53.34678,66.77505,64.02,Calibration,silt
785,73.72391,49.15049,61.4372,63.0,Calibration,silt
786,17.663591,-3.8873348,6.8881283,2.7199998,Calibration,silt
787,61.22593,38.91034,50.068134,48.0,Calibration,silt
788,53.286255,30.998962,42.14261,45.22,Calibration,silt
789,82.46763,57.44765,69.95764,69.93,Calibration,silt
790,56.1743,34.52916,45.35173,47.65,Calibration,silt
791,79.95328,54.37442,67.16385,66.37,Calibration,silt
792,47.542244,25.795828,36.669037,34.58,Calibration,silt
793,25.522224,4.131009,14.826617,5.96,Calibration,silt
794,74.23366,51.41815,62.825905,62.58,Calibration,silt
795,62.342194,40.771584,51.55689,44.0,Calibration,silt
796,35.92959,14.26467,25.09713,27.320002,Calibration,silt
797,66.0217,43.66101,54.841354,57.0,Calibration,silt
798,50.87406,28.409843,39.641953,36.33,Calibration,silt
799,35.564053,12.729651,24.146852,22.93,Calibration,silt
800,76.9756,51.429703,64.20265,70.4,Calibration,silt
801,73.59389,47.975174,60.78453,55.65,Calibration,silt
802,38.629436,17.201668,27.915552,28.0,Calibration,silt
803,55.4441,33.38273,44.413414,45.91,Calibration,silt
804,67.53143,43.71127,55.621353,45.739998,Calibration,silt
805,18.940428,-2.6402626,8.150083,5.16,Calibration,silt
806,72.740234,49.23316,60.9867,61.0,Calibration,silt
807,48.272633,26.652874,37.462753,33.53,Calibration,silt
808,86.9898,53.415627,70.20271,74.82,Calibration,silt
809,39.24963,17.435486,28.342558,21.77,Calibration,silt
810,49.21978,27.519371,38.369576,39.0,Calibration,silt
811,64.96514,41.567703,53.266422,54.160004,Calibration,silt
812,71.030685,48.280624,59.655655,64.37,Calibration,silt
813,60.08335,37.412086,48.74772,59.0,Calibration,silt
814,33.903904,12.316193,23.110048,21.09,Calibration,silt
815,37.83487,16.145414,26.99014,28.720001,Calibration,silt
816,33.79484,12.318104,23.056473,18.79,Calibration,silt
817,73.76339,49.714493,61.73894,61.93,Calibration,silt
818,56.16174,33.468212,44.814976,47.88,Calibration,silt
819,28.244322,5.38011,16.812216,18.93,Calibration,silt
820,49.1586,27.669313,38.413956,29.980001,Calibration,silt
821,25.135672,3.791504,14.463588,7.58,Calibration,silt
822,34.594933,12.003347,23.299139,21.79,Calibration,silt
823,67.72844,46.0903,56.90937,56.86,Calibration,silt
824,56.38158,34.85039,45.615986,47.781,Calibration,silt
825,74.68975,50.487957,62.588856,63.0,Calibration,silt
826,58.839466,36.697445,47.768456,46.32,Calibration,silt
827,71.854324,47.38708,59.620705,60.590004,Calibration,silt
828,29.783287,8.256742,19.020014,23.27,Calibration,silt
829,73.14882,49.18439,61.166607,53.440002,Calibration,silt
830,44.8668,23.413246,34.140022,37.49,Calibration,silt
831,74.29522,50.575584,62.435402,57.440002,Calibration,silt
832,75.91958,51.580208,63.749893,68.66,Calibration,silt
833,76.02856,52.0384,64.03348,62.0,Calibration,silt
834,26.46548,5.427557,15.946519,12.039999,Calibration,silt
835,52.548397,28.337818,40.443108,48.44,Calibration,silt
836,55.90646,32.421032,44.163746,50.24,Calibration,silt
837,52.182102,29.867352,41.024727,55.019997,Calibration,silt
838,48.868416,27.019018,37.943718,43.0,Calibration,silt
839,69.29035,45.09371,57.19203,57.13,Calibration,silt
840,54.421238,32.547665,43.48445,41.72,Calibration,silt
841,77.66188,54.469616,66.06575,68.0,Calibration,silt
842,25.476746,3.3042622,14.390504,14.93,Calibration,silt
843,68.31499,45.345257,56.830124,57.400005,Calibration,silt
844,59.78374,36.416965,48.100353,50.0,Calibration,silt
845,61.15513,36.162743,48.658936,54.25,Calibration,silt
846,75.69117,50.456295,63.073734,64.86,Calibration,silt
847,61.399315,37.437363,49.41834,59.93,Calibration,silt
848,50.78518,29.079355,39.932266,35.089996,Calibration,silt
849,75.83071,50.60498,63.217846,68.23,Calibration,silt
850,72.58305,48.18193,60.382492,59.350006,Calibration,silt
851,62.540176,39.672295,51.106236,51.0,Calibration,silt
852,81.8456,54.49182,68.16871,69.23,Calibration,silt
853,61.015488,37.9841,49.499794,53.089996,Calibration,silt
854,50.430992,29.182861,39.806927,41.72,Calibration,silt
855,54.879604,32.775517,43.82756,50.280003,Calibration,silt
856,33.268646,11.788656,22.52865,27.74,Calibration,silt
857,65.0314,41.985447,53.508423,49.23,Calibration,silt
858,73.88388,49.972557,61.92822,63.640003,Calibration,silt
859,32.23316,10.826608,21.529882,23.439999,Calibration,silt
860,33.54509,12.500988,23.023039,12.79,Calibration,silt
861,42.063675,20.080791,31.072233,22.3,Calibration,silt
862,76.62184,52.736404,64.67912,59.510002,Calibration,silt
863,42.676834,21.405594,32.041214,33.66,Calibration,silt
864,71.18858,47.97402,59.581303,60.0,Calibration,silt
865,59.32247,37.85676,48.589615,45.16,Calibration,silt
866,29.880362,8.981169,19.430765,21.720001,Calibration,silt
867,41.32374,20.399315,30.861526,33.44,Calibration,silt
868,79.62818,53.647835,66.63801,62.924995,Calibration,silt
869,78.07023,53.204098,65.63716,64.0,Calibration,silt
870,92.25902,59.07564,75.66733,82.09,Calibration,silt
871,76.66227,50.305008,63.48364,62.58,Calibration,silt
872,54.692036,31.860348,43.27619,38.36,Calibration,silt
873,35.906883,14.757906,25.332396,14.77,Calibration,silt
874,58.715557,36.71381,47.714684,47.81,Calibration,silt
875,34.970314,13.355903,24.163109,24.29,Calibration,silt
876,71.12611,48.131523,59.628815,59.0,Calibration,silt
877,55.99845,33.54827,44.77336,51.0,Calibration,silt
878,52.68471,30.996243,41.840477,40.514004,Calibration,silt
879,58.522625,36.318485,47.420555,37.6,Calibration,silt
880,25.273724,4.045431,14.659577,11.3,Calibration,silt
881,62.146744,39.70484,50.925793,48.0,Calibration,silt
882,79.37442,53.429073,66.40175,63.370003,Calibration,silt
883,62.220013,39.004833,50.612423,52.3,Calibration,silt
884,78.55711,52.854023,65.70557,71.0,Calibration,silt
885,48.54415,26.87448,37.709316,36.120003,Calibration,silt
886,40.038353,18.923649,29.481,28.369999,Calibration,silt
887,49.562603,27.509861,38.536232,37.010002,Calibration,silt
888,53.0527,31.231388,42.142044,39.44,Calibration,silt
889,61.047077,38.46915,49.758114,52.0,Calibration,silt
890,52.3957,30.603872,41.499786,41.3,Calibration,silt
891,19.038662,-2.0189495,8.509856,0.49699974,Calibration,silt
892,55.28211,33.174717,44.228413,51.0,Calibration,silt
893,71.84374,47.61141,59.727573,59.12,Calibration,silt
894,82.02386,57.547478,69.78567,68.0,Calibration,silt
895,82.05176,53.84937,67.95056,74.53,Calibration,silt
896,84.367386,53.582706,68.975044,71.68,Calibration,silt
897,42.262554,20.710396,31.486475,39.08,Calibration,silt
898,60.131245,36.20181,48.166527,45.39,Calibration,silt
899,55.131638,32.0755,43.60357,42.855,Calibration,silt
900,77.730125,49.758812,63.74447,69.37,Calibration,silt
901,52.780697,30.456028,41.618362,43.899998,Calibration,silt
902,63.400745,40.363003,51.881874,48.86,Calibration,silt
903,69.991516,46.78942,58.39047,63.58,Calibration,silt
904,60.573097,38.011375,49.292236,52.0,Calibration,silt
905,65.056076,42.49793,53.777,52.510002,Calibration,silt
906,78.81201,53.291748,66.05188,68.0,Calibration,silt
907,23.792702,2.6243143,13.208508,11.897,Calibration,silt
908,75.01162,50.698174,62.854897,67.0,Calibration,silt
909,58.071304,36.481285,47.276295,43.510002,Calibration,silt
910,50.030006,26.424265,38.227135,42.110004,Calibration,silt
911,52.7902,31.279099,42.03465,38.370003,Calibration,silt
912,49.030327,26.734962,37.882645,32.944,Calibration,silt
913,54.125336,31.864235,42.994785,46.93,Calibration,silt
914,70.26736,47.49012,58.87874,59.37,Calibration,silt
915,31.338,9.7500515,20.544025,15.856001,Calibration,silt
916,31.401756,10.16463,20.783194,22.199999,Calibration,silt
917,62.929787,39.21289,51.07134,49.9,Calibration,silt
918,56.91205,33.347023,45.129536,43.960003,Calibration,silt
919,56.639698,32.956104,44.7979,54.230003,Calibration,silt
920,61.71027,39.53442,50.622345,49.58,Calibration,silt
921,21.161983,-0.28969288,10.436145,6.0499997,Calibration,silt
922,78.60348,53.4338,66.01864,72.86,Calibration,silt
923,71.38857,48.194084,59.79133,57.93,Calibration,silt
924,29.787193,7.8692465,18.82822,17.72,Calibration,silt
925,46.109375,23.764603,34.93699,15.93,Calibration,silt
926,62.955177,40.090622,51.5229,52.0,Calibration,silt
927,43.33058,21.548483,32.439533,33.582005,Calibration,silt
928,55.534187,33.93502,44.734604,42.0,Calibration,silt
929,40.431664,18.74625,29.588957,26.720001,Calibration,silt
930,45.935215,24.314358,35.124786,33.44,Calibration,silt
931,50.896957,27.75386,39.32541,42.010002,Calibration,silt
932,64.84806,42.290375,53.569218,56.93,Calibration,silt
933,61.34301,38.643036,49.993023,54.570004,Calibration,silt
934,68.16679,42.84452,55.505653,56.230003,Calibration,silt
935,54.484398,32.020844,43.25262,42.0,Calibration,silt
936,49.52651,27.231503,38.379005,45.940002,Calibration,silt
937,39.451344,18.16978,28.810562,30.310001,Calibration,silt
938,23.238697,1.0234423,12.13107,10.05,Calibration,silt
939,88.44468,60.15165,74.298164,78.58,Calibration,silt
940,83.61838,54.023895,68.82114,80.03,Calibration,silt
941,49.501038,28.346718,38.923878,48.79,Calibration,silt
942,82.02822,56.01969,69.02396,67.79,Calibration,silt
943,54.997704,32.837402,43.917553,40.300003,Calibration,silt
944,80.52381,54.44332,67.48357,66.3,Calibration,silt
945,53.765743,30.964367,42.365055,51.050003,Calibration,silt
946,15.066253,-6.5926027,4.236825,3.0900002,Calibration,silt
947,51.733532,29.741367,40.73745,46.23,Calibration,silt
948,86.84694,54.82825,70.83759,70.23,Calibration,silt
949,76.22697,51.968285,64.097626,63.440002,Calibration,silt
950,41.990074,20.578804,31.28444,26.659998,Calibration,silt
951,28.182236,6.3356466,17.258942,23.04,Calibration,silt
952,83.60024,56.987923,70.29408,79.49,Calibration,silt
953,31.94831,10.935311,21.44181,17.32,Calibration,silt
954,49.10132,28.036062,38.56869,36.68,Calibration,silt
955,68.42443,45.45303,56.938732,45.0,Calibration,silt
956,29.474312,7.462346,18.468328,25.93,Calibration,silt
957,50.882652,28.149689,39.51617,31.440002,Calibration,silt
958,49.179398,26.800827,37.990112,32.44,Calibration,silt
959,80.49228,54.213104,67.35269,70.602,Calibration,silt
960,73.22562,49.68425,61.454933,63.0,Calibration,silt
961,75.58092,51.675114,63.628014,66.0,Calibration,silt
962,66.0366,43.352882,54.69474,54.0,Calibration,silt
963,64.32239,41.933655,53.12802,52.0,Calibration,silt
964,79.74089,53.020702,66.3808,67.16,Calibration,silt
965,65.98355,43.64508,54.814316,47.0,Calibration,silt
966,61.161896,39.13028,50.146088,46.72,Calibration,silt
967,83.21916,55.07637,69.147766,65.37,Calibration,silt
968,50.911434,28.702587,39.80701,32.55,Calibration,silt
969,82.66583,56.649258,69.65755,74.534,Calibration,silt
970,68.86506,45.805534,57.335297,58.370003,Calibration,silt
971,73.574715,47.513184,60.54395,72.86,Calibration,silt
972,59.382156,37.211617,48.296886,50.0,Calibration,silt
973,36.784733,14.2687845,25.526758,24.37,Calibration,silt
974,63.47994,37.97463,50.727283,48.02,Calibration,silt
975,45.83628,23.695938,34.76611,33.58,Calibration,silt
976,59.88226,37.694897,48.788578,41.48,Calibration,silt
977,64.09799,41.08966,52.593826,47.019997,Calibration,silt
978,34.86004,13.435441,24.14774,25.300001,Calibration,silt
979,62.75679,40.191933,51.47436,48.170002,Calibration,silt
980,73.49036,50.2526,61.87148,59.65,Calibration,silt
981,84.77896,55.121597,69.95028,70.3,Calibration,silt
982,82.16362,54.05818,68.1109,68.275,Calibration,silt
983,59.96595,37.85318,48.909565,50.0,Calibration,silt
984,24.09266,2.7525482,13.422605,17.44,Calibration,silt
985,73.697975,50.61206,62.155018,59.0,Calibration,silt
986,19.043217,-1.8732433,8.584987,3.1600003,Calibration,silt
987,54.47285,32.6495,43.561176,52.86,Calibration,silt
988,51.289936,28.438465,39.8642,32.24,Calibration,silt
989,63.782284,39.795696,51.78899,64.78,Calibration,silt
990,51.72547,28.633661,40.179565,44.38,Calibration,silt
991,102.00248,66.40496,84.20372,93.79,Calibration,silt
992,49.744278,27.80928,38.77678,42.46,Calibration,silt
993,43.529953,22.030052,32.780003,39.59,Calibration,silt
994,75.74196,51.16883,63.455395,60.79,Calibration,silt
995,23.271751,1.7614965,12.516624,11.44,Calibration,silt
996,67.34654,44.525726,55.936134,61.0,Calibration,silt
997,45.554977,24.18554,34.87026,27.23,Calibration,silt
998,69.341484,46.607914,57.9747,59.0,Calibration,silt
999,70.54853,47.271538,58.910034,60.58,Calibration,silt
1000,30.287792,9.618347,19.95307,23.42,Calibration,silt
1001,69.13749,46.125603,57.631546,60.839996,Calibration,silt
1002,71.25115,47.862198,59.556675,54.0,Calibration,silt
1003,55.88357,33.48347,44.68352,43.86,Calibration,silt
1004,50.485428,28.15822,39.321823,24.51,Calibration,silt
1005,60.791412,39.18017,49.98579,44.0,Calibration,silt
1006,38.50413,16.071747,27.28794,23.81,Calibration,silt
1007,53.523838,31.360134,42.441986,39.0,Calibration,silt
1008,81.940895,55.902687,68.92179,64.3,Calibration,silt
1009,28.566034,6.565588,17.565811,23.93,Calibration,silt
1010,61.627296,39.39779,50.512543,49.0,Calibration,silt
1011,63.67267,38.88143,51.27705,53.45,Calibration,silt
1012,69.47074,46.914337,58.19254,64.237,Calibration,silt
1013,32.749695,9.708849,21.22927,33.051003,Calibration,silt
1014,86.29754,58.91648,72.60701,65.86,Calibration,silt
1015,47.204056,25.059118,36.131588,38.651,Calibration,silt
1016,64.02286,41.276646,52.64975,49.0,Calibration,silt
1017,22.36502,1.158618,11.761819,3.79,Calibration,silt
1018,56.06091,34.196995,45.128952,40.86,Calibration,silt
1019,78.27825,52.67199,65.47512,65.58,Calibration,silt
1020,62.066483,39.501152,50.783817,54.71,Calibration,silt
1021,65.10819,42.40955,53.758873,47.0,Calibration,silt
1022,19.635567,-1.2610006,9.187283,10.0,Calibration,silt
1023,55.168194,33.581165,44.37468,43.86,Calibration,silt
1024,74.84712,49.414383,62.130753,63.254997,Calibration,silt
1025,63.663204,41.250935,52.45707,50.0,Calibration,silt
1026,71.45297,48.368378,59.910675,60.0,Calibration,silt
1027,49.305477,27.244427,38.274952,32.110004,Calibration,silt
1028,64.2391,41.891582,53.065342,52.0,Calibration,silt
1029,72.99799,47.298088,60.14804,53.34,Calibration,silt
1030,52.83491,31.285656,42.060284,42.919994,Calibration,silt
1031,69.46204,46.145306,57.803677,58.09,Calibration,silt
1032,61.895874,38.802185,50.34903,53.65,Calibration,silt
1033,72.32085,47.51192,59.916386,64.409996,Calibration,silt
1034,68.85876,46.90843,57.883595,50.58,Calibration,silt
1035,63.759834,41.840828,52.80033,52.0,Calibration,silt
1036,50.186775,28.159101,39.17294,37.16,Calibration,silt
1037,74.49819,49.91919,62.20869,61.948997,Calibration,silt
1038,34.115627,12.829297,23.472462,19.439999,Calibration,silt
1039,57.69045,35.460392,46.57542,48.370003,Calibration,silt
1040,38.289295,16.073372,27.181334,28.547998,Calibration,silt
1041,65.93095,43.860138,54.895542,52.0,Calibration,silt
1042,57.891727,35.13087,46.5113,54.32,Calibration,silt
1043,78.441475,53.156105,65.79879,63.403,Calibration,silt
1044,53.022434,31.400043,42.21124,46.6,Calibration,silt
1045,51.73201,29.82321,40.77761,36.37,Calibration,silt
1046,64.0691,40.836464,52.45278,55.230003,Calibration,silt
1047,54.10212,30.962692,42.532406,46.88,Calibration,silt
1048,62.56389,39.886017,51.224953,50.0,Calibration,silt
1049,46.97783,24.915077,35.946453,17.55,Calibration,silt
1050,48.21567,26.536922,37.376297,40.0,Calibration,silt
1051,73.632805,50.572098,62.10245,58.65,Calibration,silt
1052,23.476852,2.0209513,12.748901,8.356001,Calibration,silt
1053,52.610996,30.382053,41.496525,43.143997,Calibration,silt
1054,78.62171,54.332542,66.47713,66.0,Calibration,silt
1055,59.776405,36.889404,48.332905,49.950005,Calibration,silt
1056,67.01804,44.038254,55.52815,47.160004,Calibration,silt
1057,62.64416,39.914585,51.279373,52.0,Calibration,silt
1058,73.514305,50.075302,61.794804,63.02,Calibration,silt
1059,58.245544,36.01677,47.131157,49.4,Calibration,silt
1060,50.10044,27.52284,38.81164,36.38,Calibration,silt
1061,58.0301,34.901653,46.465878,44.23,Calibration,silt
1062,63.284492,38.55697,50.92073,48.065,Calibration,silt
1063,32.57326,11.273618,21.923439,18.51,Calibration,silt
1064,54.06945,31.426653,42.74805,39.239998,Calibration,silt
1065,57.986244,35.147324,46.566784,50.23,Calibration,silt
1066,56.410908,33.79111,45.10101,43.640003,Calibration,silt
1067,74.04535,50.749474,62.39741,58.0,Calibration,silt
1068,64.375336,41.550587,52.962963,50.58,Calibration,silt
1069,71.417725,47.585278,59.5015,61.72,Calibration,silt
1070,43.86065,20.618502,32.239574,30.72,Calibration,silt
1071,56.017,32.580902,44.29895,47.37,Calibration,silt
1072,33.666805,11.457852,22.562328,19.983002,Calibration,silt
1073,31.353962,10.06823,20.711096,10.389999,Calibration,silt
1074,76.716866,51.96952,64.34319,70.62,Calibration,silt
1075,45.458305,24.294725,34.876514,35.7,Calibration,silt
1076,57.859615,35.490246,46.67493,52.0,Calibration,silt
1077,79.04832,54.10363,66.57597,65.58,Calibration,silt
1078,43.797974,21.533743,32.66586,34.36,Calibration,silt
1079,79.69268,54.21972,66.9562,64.86,Calibration,silt
1080,37.346745,15.764718,26.55573,30.650002,Calibration,silt
1081,48.620804,25.585035,37.10292,38.010002,Calibration,silt
1082,52.320885,28.730621,40.525753,24.57,Calibration,silt
1083,80.941124,54.27927,67.6102,74.44,Calibration,silt
1084,71.90468,48.662266,60.28347,55.300003,Calibration,silt
1085,43.111404,21.14476,32.128082,37.300003,Calibration,silt
1086,19.776028,-1.3833494,9.196339,6.0,Calibration,silt
1087,61.723736,38.902317,50.313026,42.51,Calibration,silt
1088,44.189526,22.44685,33.318188,35.74,Calibration,silt
1089,70.64014,47.496582,59.06836,60.0,Calibration,silt
1090,57.106533,31.990765,44.54865,44.51,Calibration,silt
1091,62.411724,39.273853,50.84279,44.76,Calibration,silt
1092,65.73085,42.985497,54.358173,54.0,Calibration,silt
1093,47.787464,26.274082,37.030773,36.594997,Calibration,silt
1094,58.14338,36.64337,47.393375,43.120003,Calibration,silt
1095,67.66473,45.28112,56.472923,50.0,Calibration,silt
1096,69.120865,45.07844,57.099655,65.33,Calibration,silt
1097,77.146515,50.7581,63.95231,73.93,Calibration,silt
1098,69.41464,45.409237,57.411938,55.18,Calibration,silt
1099,46.922806,23.576439,35.249622,38.620003,Calibration,silt
1100,54.216232,32.42517,43.3207,48.044,Calibration,silt
1101,71.54163,47.945923,59.74378,57.73,Calibration,silt
1102,71.3081,47.871197,59.589645,62.58,Calibration,silt
1103,68.42377,45.162453,56.79311,55.72,Calibration,silt
1104,54.628784,32.66712,43.647953,48.330006,Calibration,silt
1105,67.44264,43.13137,55.287006,48.3,Calibration,silt
1106,77.54062,52.73378,65.1372,62.300003,Calibration,silt
1107,69.23826,39.692024,54.46514,61.43,Calibration,silt
1108,50.21713,28.8774,39.547264,37.2,Calibration,silt
1109,70.67338,46.876705,58.77504,59.0,Calibration,silt
1110,58.861786,34.617043,46.739414,48.51,Calibration,silt
1111,32.925163,11.867183,22.396173,21.0,Calibration,silt
1112,63.56048,39.173294,51.366886,54.010002,Calibration,silt
1113,41.48835,19.803782,30.646065,26.519999,Calibration,silt
1114,83.896675,54.265877,69.081276,74.65,Calibration,silt
1115,57.482784,33.383144,45.432964,44.966,Calibration,silt
1116,85.02653,57.074284,71.05041,72.796,Calibration,silt
1117,51.43254,29.106827,40.269684,34.953,Calibration,silt
1118,43.587795,22.136677,32.862236,23.580002,Calibration,silt
1119,57.010292,34.18505,45.59767,41.160004,Calibration,silt
1120,76.83995,51.022934,63.931442,62.300003,Calibration,silt
1121,44.96306,21.822678,33.392868,38.84,Calibration,silt
1122,71.696,48.218513,59.957256,54.58,Calibration,silt
1123,70.83885,47.128292,58.983574,57.0,Calibration,silt
1124,57.0689,35.226753,46.147827,45.58,Calibration,silt
1125,37.54554,15.684273,26.614906,21.380001,Calibration,silt
1126,65.451004,42.275246,53.863125,53.550003,Calibration,silt
1127,34.504124,13.450082,23.977102,18.630001,Calibration,silt
1128,63.328014,40.169254,51.748634,52.72,Calibration,silt
1129,74.50584,50.861042,62.683437,62.0,Calibration,silt
1130,73.21998,48.650112,60.935047,67.93,Calibration,silt
1131,39.710148,17.732311,28.72123,29.01,Calibration,silt
1132,52.152794,29.94528,41.049038,42.43,Calibration,silt
1133,51.199142,28.334984,39.767063,50.020004,Calibration,silt
1134,65.190094,41.073383,53.131737,56.23,Calibration,silt
1135,78.099556,51.492332,64.795944,64.95,Calibration,silt
1136,16.197678,-4.9611616,5.6182585,2.424,Calibration,silt
1137,53.48134,30.622002,42.05167,36.359997,Calibration,silt
1138,63.40546,39.922665,51.664062,49.32,Calibration,silt
1139,47.274147,26.09907,36.686607,38.44,Calibration,silt
1140,81.29033,55.34734,68.31883,71.404,Calibration,silt
1141,56.44244,33.78188,45.11216,44.510002,Calibration,silt
1142,58.388992,36.527275,47.458134,52.47,Calibration,silt
1143,75.21362,49.909626,62.561623,62.249996,Calibration,silt
1144,67.1793,44.49289,55.836094,55.99,Calibration,silt
1145,68.03407,45.18132,56.607697,58.0,Calibration,silt
1146,68.88855,45.40741,57.14798,62.72,Calibration,silt
1147,50.330048,28.214272,39.27216,44.89,Calibration,silt
1148,69.33045,45.703278,57.516865,56.160004,Calibration,silt
1149,91.77443,60.537918,76.15617,80.37,Calibration,silt
1150,68.28642,45.90066,57.09354,58.0,Calibration,silt
1151,59.863144,37.97619,48.919666,45.0,Calibration,silt
1152,74.225945,47.748566,60.987255,60.9,Calibration,silt
1153,48.571823,25.97268,37.27225,36.86,Calibration,silt
1154,35.177265,13.270911,24.224089,27.86,Calibration,silt
1155,65.319405,40.025215,52.67231,55.79,Calibration,silt
1156,45.80306,23.815426,34.809242,40.15,Calibration,silt
1157,35.91201,14.520153,25.216082,24.72,Calibration,silt
1158,19.318512,-1.9289055,8.694803,3.697,Calibration,silt
1159,62.347435,40.513817,51.430626,46.0,Calibration,silt
1160,59.779083,37.078438,48.42876,51.3,Calibration,silt
1161,67.178825,41.27479,54.226807,51.16,Calibration,silt
1162,52.51172,30.922262,41.71699,30.369999,Calibration,silt
1163,54.487534,33.115494,43.801514,40.780003,Calibration,silt
1164,66.39251,43.08561,54.73906,56.460003,Calibration,silt
1165,73.22613,48.813522,61.019825,64.0,Calibration,silt
1166,41.63045,20.332523,30.981487,15.91,Calibration,silt
1167,54.05168,31.749792,42.900738,46.16,Calibration,silt
1168,68.49138,45.839767,57.165573,56.0,Calibration,silt
1169,32.098274,9.917679,21.007977,24.93,Calibration,silt
1170,16.79895,-4.150104,6.3244233,3.79,Calibration,silt
1171,71.80117,47.968266,59.88472,60.0,Calibration,silt
1172,48.890438,27.271137,38.080788,34.0,Calibration,silt
1173,81.15361,54.99579,68.0747,64.37,Calibration,silt
1174,37.623047,16.120064,26.871555,27.0,Calibration,silt
1175,61.130108,38.81458,49.972343,45.0,Calibration,silt
1176,66.427,42.782955,54.60498,60.280003,Calibration,silt
1177,24.538198,3.1655388,13.851869,11.7300005,Calibration,silt
1178,34.05919,12.382304,23.220747,15.849999,Calibration,silt
1179,72.62608,49.252216,60.93915,60.0,Calibration,silt
1180,39.995316,18.358707,29.177011,18.13,Calibration,silt
1181,55.141716,33.19802,44.16987,46.3,Calibration,silt
1182,33.635628,11.998388,22.817007,26.67,Calibration,silt
1183,40.27841,18.367718,29.323065,22.95,Calibration,silt
1184,17.76087,-3.6426835,7.059093,4.5699997,Calibration,silt
1185,74.5502,50.91617,62.733185,78.0,Calibration,silt
1186,77.70395,51.573837,64.63889,69.0,Calibration,silt
1187,25.51295,3.6661587,14.589555,19.99,Calibration,silt
1188,46.87184,25.013786,35.942814,30.79,Calibration,silt
1189,23.251991,2.0312366,12.641614,12.0,Calibration,silt
1190,48.789,26.83712,37.81306,36.510002,Calibration,silt
1191,54.203796,31.573206,42.8885,47.37,Calibration,silt
1192,34.66546,13.262322,23.96389,26.99,Calibration,silt
1193,76.656105,51.5199,64.088005,67.07,Calibration,silt
1194,29.997093,8.821834,19.409464,11.65,Calibration,silt
1195,56.14951,34.60983,45.37967,50.65,Calibration,silt
1196,61.488045,38.337875,49.91296,44.95,Calibration,silt
1197,20.829697,-0.45912933,10.185284,5.7200003,Calibration,silt
1198,66.4625,43.47417,54.968334,48.0,Calibration,silt
1199,27.350819,5.4737444,16.412281,21.789999,Calibration,silt
1200,66.89919,42.12535,54.51227,57.260002,Calibration,silt
1201,68.99587,45.370018,57.182945,63.320004,Calibration,silt
1202,93.41973,63.749535,78.58463,78.58,Calibration,silt
1203,72.581375,49.87151,61.226444,64.72,Calibration,silt
1204,53.321995,31.395718,42.358856,42.0,Calibration,silt
1205,58.233124,35.00689,46.620007,53.370003,Calibration,silt
1206,65.20336,41.947365,53.575363,59.73,Calibration,silt
1207,62.57731,39.1429,50.860104,43.97,Calibration,silt
1208,82.49374,57.54963,70.02168,67.44,Calibration,silt
1209,68.06377,44.04159,56.05268,45.359997,Calibration,silt
1210,67.67488,44.9071,56.290993,53.83,Calibration,silt
1211,71.43184,48.131813,59.781826,63.440002,Calibration,silt
1212,37.266205,15.257256,26.26173,27.79,Calibration,silt
1213,39.79693,18.533224,29.165075,26.95,Calibration,silt
1214,15.224226,-6.163851,4.5301876,4.58,Calibration,silt
1215,74.74294,49.329567,62.036255,62.410004,Calibration,silt
1216,83.920425,56.334564,70.127495,72.465,Calibration,silt
1217,40.40074,18.450752,29.425747,33.86,Calibration,silt
1218,55.625874,33.6461,44.635986,42.51,Calibration,silt
1219,59.560455,37.01976,48.290108,50.46,Calibration,silt
1220,72.87157,49.511047,61.191307,64.0,Calibration,silt
1221,59.32147,37.25314,48.287304,49.0,Calibration,silt
1222,23.633812,2.3341532,12.983982,5.197,Calibration,silt
1223,70.11677,47.142273,58.62952,65.0,Calibration,silt
1224,69.05804,45.110863,57.08445,50.870003,Calibration,silt
1225,30.2736,8.926142,19.59987,9.65,Calibration,silt
1226,59.9216,37.78354,48.85257,51.510002,Calibration,silt
1227,58.169147,33.98512,46.077133,49.74,Calibration,silt
1228,61.907555,40.487663,51.19761,50.58,Calibration,silt
1229,52.035538,30.40349,41.219513,41.9,Calibration,silt
1230,38.19294,17.249666,27.721304,21.02,Calibration,silt
1231,58.213753,36.255386,47.23457,44.0,Calibration,silt
1232,57.469616,35.042843,46.25623,51.02,Calibration,silt
1233,23.83584,1.6702976,12.753069,16.93,Calibration,silt
1234,52.14785,30.27935,41.2136,43.510002,Calibration,silt
1235,48.70055,27.132298,37.916424,33.82,Calibration,silt
1236,38.867233,17.36389,28.115562,32.09,Calibration,silt
1237,74.34518,46.942398,60.643787,68.475,Calibration,silt
1238,85.88818,58.641953,72.26507,63.440002,Calibration,silt
1239,61.518364,38.881676,50.20002,56.966003,Calibration,silt
1240,75.65456,50.452557,63.053555,63.95,Calibration,silt
1241,33.371834,11.784171,22.578003,27.650002,Calibration,silt
1242,76.750084,51.328438,64.03926,66.0,Calibration,silt
1243,40.695393,19.227169,29.96128,23.843,Calibration,silt
1244,60.011276,38.272423,49.14185,50.09,Calibration,silt
1245,44.798157,23.90187,34.350014,30.859999,Calibration,silt
1246,56.640068,34.771652,45.70586,46.09,Calibration,silt
1247,57.366867,35.5038,46.435333,44.030003,Calibration,silt
1248,61.218063,39.51558,50.36682,44.39,Calibration,silt
1249,47.07522,25.085869,36.080544,30.509998,Calibration,silt
1250,65.128845,42.960777,54.04481,52.0,Calibration,silt
1251,57.494537,30.368326,43.93143,54.370003,Calibration,silt
1252,67.374725,44.648544,56.011635,57.0,Calibration,silt
1253,34.623466,13.268455,23.945961,30.5,Calibration,silt
1254,17.134502,-4.0014462,6.566528,13.0,Calibration,silt
1255,61.12491,37.668175,49.39654,46.190998,Calibration,silt
1256,74.15091,50.12957,62.14024,63.79,Calibration,silt
1257,28.171265,7.373353,17.772308,16.16,Calibration,silt
1258,65.461136,42.284843,53.87299,50.0,Calibration,silt
1259,35.45913,13.244848,24.351988,22.93,Calibration,silt
1260,60.191837,36.6729,48.43237,47.849995,Calibration,silt
1261,75.95174,51.08348,63.51761,68.0,Calibration,silt
1262,71.484695,48.32271,59.9037,63.0,Calibration,silt
1263,57.090923,35.59006,46.340492,44.0,Calibration,silt
1264,76.196465,51.415237,63.80585,66.79,Calibration,silt
1265,75.681274,51.534622,63.60795,64.0,Calibration,silt
1266,34.376434,12.957218,23.666826,18.762,Calibration,silt
1267,73.28354,49.68006,61.4818,65.0,Calibration,silt
1268,59.48294,37.708336,48.59564,48.0,Calibration,silt
1269,65.680435,43.146465,54.413452,56.0,Calibration,silt
1270,66.0341,43.390938,54.71252,53.18,Calibration,silt
1271,66.75634,44.40413,55.580235,55.65,Calibration,silt
1272,74.306335,50.488003,62.39717,62.65,Calibration,silt
1273,86.74545,58.88687,72.81616,72.79,Calibration,silt
1274,54.174118,32.18609,43.180103,48.74,Calibration,silt
1275,73.12396,49.50284,61.3134,67.0,Calibration,silt
1276,70.7303,46.99811,58.86421,60.370003,Calibration,silt
1277,68.431854,41.776333,55.104095,60.93,Calibration,silt
1278,63.314873,39.911354,51.613113,53.93,Calibration,silt
1279,72.18338,45.512535,58.847958,64.3,Calibration,silt
1280,77.4206,52.56579,64.993195,64.88,Calibration,silt
1281,71.165665,47.08342,59.124542,66.72,Calibration,silt
1282,57.604027,35.956024,46.780025,47.300003,Calibration,silt
1283,60.40474,36.81656,48.61065,45.32,Calibration,silt
1284,67.58609,44.301464,55.943775,49.510002,Calibration,silt
1285,68.02352,44.04753,56.035526,68.72,Calibration,silt
1286,62.707863,38.730995,50.71943,50.73,Calibration,silt
1287,28.85141,6.8759575,17.863684,20.640001,Calibration,silt
1288,55.182,33.337387,44.259693,49.739994,Calibration,silt
1289,26.087479,4.1963177,15.141898,16.99,Calibration,silt
1290,40.62212,19.332317,29.977219,26.369999,Calibration,silt
1291,58.64664,36.982464,47.814552,44.79,Calibration,silt
1292,51.289967,27.594486,39.442226,39.04,Calibration,silt
1293,44.790924,23.673111,34.232018,36.0,Calibration,silt
1294,35.218105,11.733571,23.475838,26.820002,Calibration,silt
1295,69.89308,46.379616,58.13635,59.040005,Calibration,silt
1296,34.50669,13.44596,23.976326,20.669998,Calibration,silt
1297,58.147575,33.23739,45.692482,51.02,Calibration,silt
1298,62.967186,41.157707,52.062447,53.0,Calibration,silt
1299,43.61887,21.983036,32.800953,36.289997,Calibration,silt
1300,37.096634,15.751679,26.424156,29.99,Calibration,silt
1301,50.33971,28.68909,39.5144,42.170002,Calibration,silt
1302,47.12906,24.809141,35.9691,32.02,Calibration,silt
1303,83.099594,56.219723,69.65966,66.94,Calibration,silt
1304,82.36003,56.839417,69.599724,70.79,Calibration,silt
1305,55.092747,32.581287,43.837017,42.644,Calibration,silt
1306,51.041664,29.374153,40.20791,40.0,Calibration,silt
1307,74.84106,50.325138,62.5831,65.93,Calibration,silt
1308,36.689117,15.314597,26.001858,27.440002,Calibration,silt
1309,93.42875,62.990654,78.2097,71.686,Calibration,silt
1310,65.26139,40.69433,52.97786,55.729996,Calibration,silt
1311,50.600018,28.46172,39.53087,44.0,Calibration,silt
1312,80.33439,55.053795,67.69409,80.65,Calibration,silt
1313,74.75648,50.671463,62.71397,76.72,Calibration,silt
1314,54.36848,32.745197,43.55684,44.68,Calibration,silt
1315,52.024624,30.08575,41.055187,39.350002,Calibration,silt
1316,66.86981,44.039436,55.454624,58.33,Calibration,silt
1317,72.50702,49.102222,60.80462,64.58,Calibration,silt
1318,49.632847,27.797703,38.715275,42.51,Calibration,silt
1319,60.165066,36.807865,48.486465,54.530003,Calibration,silt
1320,63.665398,37.500298,50.582848,52.260002,Calibration,silt
1321,35.879944,14.51508,25.197512,26.99,Calibration,silt
1322,61.18371,39.073883,50.128796,57.724,Calibration,silt
1323,50.077515,28.042267,39.05989,37.0,Calibration,silt
1324,60.512577,38.54597,49.529274,51.0,Calibration,silt
1325,50.240414,27.34171,38.79106,41.35,Calibration,silt
1326,69.05036,45.868065,57.459213,32.45,Calibration,silt
1327,66.061104,43.481377,54.77124,53.0,Calibration,silt
1328,76.936356,51.261826,64.09909,68.65,Calibration,silt
1329,79.03376,54.29296,66.66336,70.93,Calibration,silt
1330,67.42082,44.061283,55.741055,50.021,Calibration,silt
1331,72.096344,48.371086,60.233715,60.58,Calibration,silt
1332,86.296295,59.266632,72.78146,70.898,Calibration,silt
1333,82.071594,57.16176,69.61668,68.0,Calibration,silt
1334,58.29635,36.761795,47.52907,44.0,Calibration,silt
1335,23.592136,2.183735,12.887936,11.0,Calibration,silt
1336,48.145554,26.383898,37.264725,38.800003,Calibration,silt
1337,63.62214,40.29802,51.96008,46.510002,Calibration,silt
1338,84.72638,57.564564,71.14547,74.385,Calibration,silt
1339,31.126684,10.099405,20.613045,18.58,Calibration,silt
1340,59.276432,36.9932,48.134815,48.0,Calibration,silt
1341,73.10346,48.666306,60.884884,56.86,Calibration,silt
1342,37.287033,15.456583,26.371809,28.699999,Calibration,silt
1343,73.94614,50.25963,62.102882,59.0,Calibration,silt
1344,66.01822,43.61052,54.81437,55.0,Calibration,silt
1345,22.818115,1.6597433,12.23893,5.7200003,Calibration,silt
1346,60.19329,37.689873,48.94158,45.37,Calibration,silt
1347,57.271824,35.42969,46.350758,43.75,Calibration,silt
1348,24.344212,2.841857,13.593034,14.9,Calibration,silt
1349,72.21684,47.360043,59.78844,64.440994,Calibration,silt
1350,59.468582,36.997856,48.23322,49.0,Calibration,silt
1351,89.745056,59.30745,74.52625,76.782,Calibration,silt
1352,71.00111,46.7164,58.858753,56.300003,Calibration,silt
1353,15.610712,-5.933208,4.8387523,2.57,Calibration,silt
1354,74.84257,49.63807,62.24032,54.58,Calibration,silt
1355,32.109123,10.393965,21.251545,18.0,Calibration,silt
1356,86.69629,59.163517,72.9299,74.72,Calibration,silt
1357,58.994324,37.3964,48.195362,58.16,Calibration,silt
1358,63.045334,37.95246,50.498898,58.61,Calibration,silt
1359,78.79835,52.468513,65.63343,67.58,Calibration,silt
1360,51.501453,27.946117,39.723785,40.65,Calibration,silt
1361,72.672905,49.358192,61.01555,48.65,Calibration,silt
1362,63.09188,40.097282,51.59458,48.710003,Calibration,silt
1363,72.387505,48.893013,60.64026,66.0,Calibration,silt
1364,34.244667,12.831928,23.538298,30.570002,Calibration,silt
1365,17.657415,-3.542416,7.0574994,4.872,Calibration,silt
1366,81.92026,54.107986,68.01412,61.680004,Calibration,silt
1367,51.297,29.51044,40.40372,36.39,Calibration,silt
1368,14.9207535,-6.64485,4.137952,1.85,Calibration,silt
1369,80.89587,56.143734,68.5198,70.314,Calibration,silt
1370,63.405163,39.82046,51.612812,54.54,Calibration,silt
1371,67.34014,41.794624,54.567383,48.62,Calibration,silt
1372,17.608788,-3.7178102,6.9454885,8.0,Calibration,silt
1373,49.20697,27.802414,38.504692,35.0,Calibration,silt
1374,80.37132,55.168915,67.77012,65.412,Calibration,silt
1375,77.21726,52.214424,64.71584,67.93,Calibration,silt
1376,18.265173,-3.477291,7.393941,0.8599999,Calibration,silt
1377,58.106926,36.39765,47.25229,50.920002,Calibration,silt
1378,67.07956,44.65078,55.86517,58.0,Calibration,silt
1379,15.95741,-5.4850225,5.2361937,1.357,Calibration,silt
1380,49.230766,27.908142,38.569454,44.51,Calibration,silt
1381,47.897995,26.005753,36.951874,34.83,Calibration,silt
1382,36.98935,14.157052,25.5732,28.900002,Calibration,silt
1383,53.20996,31.506876,42.358418,36.37,Calibration,silt
1384,72.4024,48.324173,60.363285,61.86,Calibration,silt
1385,38.056305,16.311298,27.183802,31.8,Calibration,silt
1386,41.607307,18.77744,30.192373,40.02,Calibration,silt
1387,41.140633,20.057684,30.59916,31.0,Calibration,silt
1388,84.57946,57.69024,71.13485,66.72,Calibration,silt
1389,64.01131,42.33499,53.17315,51.48515,Calibration,silt
1390,50.191643,28.158125,39.174885,33.23,Calibration,silt
1391,64.43827,41.719414,53.078842,51.0,Calibration,silt
1392,59.09264,36.56032,47.82648,43.099,Calibration,silt
1393,49.44313,27.32029,38.38171,35.0,Calibration,silt
1394,77.259575,50.852055,64.05582,65.531,Calibration,silt
1395,37.719856,16.012352,26.866104,35.9,Calibration,silt
1396,40.694824,18.771536,29.73318,28.239998,Calibration,silt
1397,45.129623,22.689735,33.90968,36.3,Calibration,silt
1398,56.02788,34.620045,45.323963,39.510002,Calibration,silt
1399,76.1257,48.70562,62.41566,65.0,Calibration,silt
1400,74.90005,50.973206,62.936626,62.58,Calibration,silt
1401,27.890068,6.9380083,17.414038,11.16,Calibration,silt
1402,33.219437,11.211223,22.21533,24.140003,Calibration,silt
1403,38.912598,17.925749,28.419172,31.650002,Calibration,silt
1404,94.08911,63.945602,79.01736,84.58,Calibration,silt
1405,81.3113,54.185947,67.74863,65.755005,Calibration,silt
1406,62.46151,39.5131,50.987305,53.440002,Calibration,silt
1407,79.721375,55.27464,67.49801,73.79,Calibration,silt
1408,79.53478,52.868366,66.20158,68.766,Calibration,silt
1409,26.970734,5.065402,16.018068,17.86,Calibration,silt
1410,59.165314,37.565407,48.36536,48.0,Calibration,silt
1411,60.93336,35.63531,48.284336,49.86,Calibration,silt
1412,40.29914,18.07877,29.188955,31.667,Calibration,silt
1413,55.82354,33.591194,44.707367,41.640003,Calibration,silt
1414,72.120766,48.632607,60.376686,55.51,Calibration,silt
1415,34.954712,13.344326,24.149519,27.0,Calibration,silt
1416,61.558655,37.110268,49.33446,32.370003,Calibration,silt
1417,77.53898,52.642036,65.09051,59.870003,Calibration,silt
1418,56.679615,34.5519,45.615757,44.86,Calibration,silt
1419,76.30748,51.19554,63.75151,67.58,Calibration,silt
1420,20.04208,-1.234438,9.403821,10.0,Calibration,silt
1421,72.84868,50.33149,61.590084,63.51,Calibration,silt
1422,66.90728,44.09164,55.499462,56.29,Calibration,silt
1423,85.326584,58.441025,71.883804,74.09,Calibration,silt
1424,81.38871,56.917213,69.15296,69.0,Calibration,silt
1425,63.18284,40.626656,51.904747,50.49,Calibration,silt
1426,48.962425,26.885223,37.923824,33.549995,Calibration,silt
1427,53.76561,31.7266,42.746105,39.93,Calibration,silt
1428,47.108467,24.975756,36.04211,29.67,Calibration,silt
1429,54.189404,32.44179,43.315598,44.09,Calibration,silt
1430,62.71309,40.05063,51.38186,50.93,Calibration,silt
1431,80.82602,54.08601,67.45602,69.21,Calibration,silt
1432,61.470833,38.8291,50.149967,52.83,Calibration,silt
1433,57.84558,34.519257,46.18242,48.690002,Calibration,silt
1434,64.499985,41.801174,53.150578,51.440002,Calibration,silt
1435,54.27896,32.599213,43.439087,37.300003,Calibration,silt
1436,77.00212,51.872726,64.43742,66.0,Calibration,silt
1437,50.8787,29.183159,40.03093,39.23,Calibration,silt
1438,74.78935,49.602463,62.195908,58.510002,Calibration,silt
1439,76.92318,52.694267,64.80872,60.575996,Calibration,silt
1440,88.37895,60.886597,74.632774,69.37,Calibration,silt
1441,23.435337,1.4860182,12.460677,9.790001,Calibration,silt
1442,47.79754,25.689964,36.74375,38.39,Calibration,silt
1443,63.679966,41.725933,52.70295,51.0,Calibration,silt
1444,74.582054,49.163826,61.87294,64.86,Calibration,silt
1445,60.485,37.781113,49.133057,51.440002,Calibration,silt
1446,64.77314,42.68817,53.730656,52.0,Calibration,silt
1447,53.08559,31.25851,42.17205,42.475,Calibration,silt
1448,54.44256,32.07447,43.258514,47.3,Calibration,silt
1449,76.22035,51.544758,63.882557,62.0,Calibration,silt
1450,79.524765,53.455357,66.49006,62.300003,Calibration,silt
1451,48.830654,26.43327,37.63196,15.707001,Calibration,silt
1452,81.30159,54.51375,67.90767,65.3,Calibration,silt
1453,74.18657,47.626884,60.906727,63.0,Calibration,silt
1454,70.23583,47.47582,58.855824,59.0,Calibration,silt
1455,66.67536,43.18845,54.931908,57.79,Calibration,silt
1456,70.30815,48.004486,59.15632,59.0,Calibration,silt
1457,88.52396,59.950897,74.23743,79.79,Calibration,silt
1458,70.945404,47.91075,59.428078,60.440002,Calibration,silt
1459,17.897774,-3.8534741,7.0221496,1.9300001,Calibration,silt
1460,40.030495,18.34642,29.188457,32.58,Calibration,silt
1461,71.979965,48.32164,60.150803,58.0,Calibration,silt
1462,60.366714,36.789093,48.577904,57.300003,Calibration,silt
1463,61.777603,39.824295,50.80095,49.0,Calibration,silt
1464,62.020153,39.758213,50.889183,45.0,Calibration,silt
1465,23.508808,2.0970411,12.802925,15.58,Calibration,silt
1466,61.49186,39.416237,50.45405,49.73,Calibration,silt
1467,32.21868,9.142608,20.680645,24.95,Calibration,silt
1468,53.373352,30.716026,42.04469,49.16,Calibration,silt
1469,69.3739,46.287903,57.830902,63.72,Calibration,silt
1470,62.07993,39.60213,50.84103,43.88,Calibration,silt
1471,56.843945,32.751232,44.79759,29.889997,Calibration,silt
1472,88.13912,60.451405,74.295265,71.58,Calibration,silt
1473,51.37645,29.225815,40.301132,44.100002,Calibration,silt
1474,36.620815,14.766006,25.69341,26.86,Calibration,silt
1475,60.5426,37.274372,48.908485,49.16,Calibration,silt
1476,32.101913,10.834748,21.46833,21.26,Calibration,silt
1477,63.700256,41.39955,52.549904,54.0,Calibration,silt
1478,81.50288,57.168846,69.33586,68.0,Calibration,silt
1479,56.24702,33.70084,44.97393,53.244,Calibration,silt
1480,80.9223,52.366425,66.64436,67.51,Calibration,silt
1481,53.393753,30.835121,42.114437,41.370003,Calibration,silt
1482,59.57675,37.53727,48.55701,47.160004,Calibration,silt
1483,77.30385,52.386063,64.844955,70.79,Calibration,silt
1484,47.380493,24.901373,36.140934,42.08,Calibration,silt
1485,55.853928,33.55774,44.705833,44.46,Calibration,silt
1486,17.784515,-3.6155968,7.0844593,3.0,Calibration,silt
1487,60.163193,37.68109,48.922142,52.52,Calibration,silt
1488,67.56267,39.63018,53.596424,63.865,Calibration,silt
1489,76.29525,50.821655,63.558453,65.88,Calibration,silt
1490,15.115211,-6.6150656,4.2500725,3.85,Calibration,silt
1491,61.61389,37.36699,49.49044,51.370003,Calibration,silt
1492,33.612946,10.186544,21.899746,25.93,Calibration,silt
1493,51.388367,29.090729,40.239548,38.3,Calibration,silt
1494,41.417953,19.745626,30.581789,34.44,Calibration,silt
1495,52.4445,30.672787,41.558643,44.95,Calibration,silt
1496,40.754246,19.186062,29.970154,28.679998,Calibration,silt
1497,81.48173,53.65202,67.56687,68.74,Calibration,silt
1498,70.35504,47.38602,58.870533,58.79,Calibration,silt
1499,75.31239,50.702675,63.007534,62.0,Calibration,silt
1500,43.340244,21.707706,32.523975,35.23,Calibration,silt
1501,54.442287,31.828732,43.13551,41.0,Calibration,silt
1502,70.537766,46.39736,58.467564,62.79,Calibration,silt
1503,45.813885,24.053577,34.93373,41.490005,Calibration,silt
1504,64.70118,41.745033,53.223106,57.0,Calibration,silt
1505,69.50063,46.836327,58.16848,59.51,Calibration,silt
1506,22.906754,2.0325708,12.469662,6.65,Calibration,silt
1507,61.01329,38.654747,49.83402,51.0,Calibration,silt
1508,66.27061,43.872414,55.07151,57.0,Calibration,silt
1509,70.7652,47.012398,58.888798,52.58,Calibration,silt
1510,34.76193,13.421094,24.09151,29.99,Calibration,silt
1511,74.04337,49.166557,61.604965,55.829998,Calibration,silt
1512,60.0371,35.234245,47.635674,38.58,Calibration,silt
1513,41.746292,20.50076,31.123526,37.6,Calibration,silt
1514,49.03043,27.015171,38.0228,42.440002,Calibration,silt
1515,32.310707,9.687779,20.999243,23.93,Calibration,silt
1516,44.57657,23.059319,33.817944,34.88,Calibration,silt
1517,69.12319,46.834846,57.97902,52.0,Calibration,silt
1518,72.088425,47.68319,59.885807,58.58,Calibration,silt
1519,66.8125,43.338184,55.07534,58.843002,Calibration,silt
1520,28.059223,6.9951296,17.527176,16.122,Calibration,silt
1521,69.81614,47.15641,58.486275,57.72,Calibration,silt
1522,76.342514,51.06601,63.70426,60.670002,Calibration,silt
1523,81.69589,56.423203,69.05955,68.0,Calibration,silt
1524,45.666286,23.92419,34.79524,42.46,Calibration,silt
1525,72.3141,47.21767,59.76589,66.09,Calibration,silt
1526,21.004467,-0.6308813,10.186793,7.29,Calibration,silt
1527,31.266876,9.937961,20.602419,20.79,Calibration,silt
1528,61.624718,37.808807,49.716763,54.030003,Calibration,silt
1529,50.941635,28.981607,39.96162,39.0,Calibration,silt
1530,17.82807,-3.315279,7.2563953,6.7099996,Calibration,silt
1531,58.489815,36.656082,47.57295,51.58,Calibration,silt
1532,54.76616,31.85633,43.311245,40.0,Calibration,silt
1533,64.70769,42.523125,53.615406,48.0,Calibration,silt
1534,50.70797,28.815567,39.76177,41.11,Calibration,silt
1535,81.89478,57.031624,69.4632,76.031,Calibration,silt
1536,53.703007,31.654179,42.678593,39.370003,Calibration,silt
1537,47.558357,26.389238,36.973797,33.230003,Calibration,silt
1538,66.482376,43.513268,54.99782,55.0,Calibration,silt
1539,80.00207,55.644478,67.82327,69.0,Calibration,silt
1540,39.62871,18.189724,28.909218,20.44,Calibration,silt
1541,48.37038,26.906574,37.638477,38.88,Calibration,silt
1542,74.45224,50.632442,62.54234,66.72,Calibration,silt
1543,40.40065,18.707003,29.553827,27.35,Calibration,silt
1544,77.065025,52.441586,64.7533,68.72,Calibration,silt
1545,66.10202,43.30527,54.703648,56.0,Calibration,silt
1546,79.44588,55.282856,67.364365,72.0,Calibration,silt
1547,35.2822,13.154969,24.218584,24.93,Calibration,silt
1548,35.89262,14.52301,25.207815,23.93,Calibration,silt
1549,57.682,35.412163,46.54708,43.25,Calibration,silt
1550,68.78817,46.356697,57.572433,58.0,Calibration,silt
1551,68.97256,45.975372,57.473965,59.0,Calibration,silt
1552,72.97369,49.62876,61.301224,66.0,Calibration,silt
1553,73.9327,50.16367,62.048183,61.0,Calibration,silt
1554,42.382404,19.55864,30.970522,32.12,Calibration,silt
1555,71.339195,46.49699,58.918095,60.02,Calibration,silt
1556,62.574905,40.808144,51.691525,47.570004,Calibration,silt
1557,45.64472,23.56741,34.606064,32.02,Calibration,silt
1558,74.97166,51.506897,63.239277,68.0,Calibration,silt
1559,67.450874,43.03042,55.240646,50.940002,Calibration,silt
1560,27.703785,6.7441607,17.223972,15.440001,Calibration,silt
1561,44.31617,22.270348,33.29326,36.79,Calibration,silt
1562,79.0788,53.5932,66.336,56.505,Calibration,silt
1563,78.76761,54.396557,66.582085,67.0,Calibration,silt
1564,75.90301,51.31832,63.610664,69.853,Calibration,silt
1565,70.747086,47.614132,59.180607,59.580006,Calibration,silt
1566,56.293884,32.211906,44.252895,44.0,Calibration,silt
1567,62.436935,39.210556,50.823746,53.93,Calibration,silt
1568,35.057182,13.799597,24.428389,21.619999,Calibration,silt
1569,65.69843,43.79239,54.74541,58.79,Calibration,silt
1570,38.615532,16.776361,27.695946,27.79,Calibration,silt
1571,49.910522,27.9055,38.908012,40.07,Calibration,silt
1572,82.259636,55.88822,69.07393,67.689,Calibration,silt
1573,72.00905,49.19039,60.59972,63.3,Calibration,silt
1574,81.57326,55.432278,68.50277,67.606,Calibration,silt
1575,73.13741,48.87028,61.00385,62.0,Calibration,silt
1576,69.364456,46.171875,57.768166,56.0,Calibration,silt
1577,64.59722,41.827385,53.212303,51.0,Calibration,silt
1578,53.210976,31.244638,42.227806,42.0,Calibration,silt
1579,65.18264,41.97367,53.578156,52.09,Calibration,silt
1580,72.33792,48.51572,60.426823,65.79,Calibration,silt
1581,41.163033,19.748796,30.455914,40.140003,Calibration,silt
1582,61.590015,40.038967,50.81449,49.870003,Calibration,silt
1583,18.811447,-1.9688711,8.421288,2.79,Calibration,silt
1584,90.89252,61.07727,75.98489,78.51,Calibration,silt
1585,32.749702,11.434763,22.092234,23.99,Calibration,silt
1586,83.565056,55.93244,69.74875,70.567,Calibration,silt
1587,56.724556,35.694077,46.209316,51.030003,Calibration,silt
1588,64.45133,39.66446,52.057896,56.58,Calibration,silt
1589,52.269993,28.938168,40.60408,28.71,Calibration,silt
1590,23.66013,2.3309498,12.99554,12.65,Calibration,silt
1591,77.58035,52.898315,65.239334,68.0,Calibration,silt
1592,69.575584,46.75415,58.164867,63.915997,Calibration,silt
1593,27.69694,6.499529,17.098234,8.220001,Calibration,silt
1594,20.545357,-0.456604,10.044376,14.58,Calibration,silt
1595,15.713858,-5.471874,5.1209917,0.009985022,Calibration,silt
1596,69.738304,46.83291,58.285606,61.11,Calibration,silt
1597,45.381645,22.473726,33.927685,46.93,Calibration,silt
1598,64.911476,42.31021,53.610844,47.36,Calibration,silt
1599,67.08899,44.149223,55.619106,54.65,Calibration,silt
1600,61.805264,39.598408,50.701836,52.0,Calibration,silt
1601,60.746323,38.211777,49.47905,46.39,Calibration,silt
1602,63.09634,39.69385,51.395096,47.920002,Calibration,silt
1603,57.984398,36.004524,46.99446,52.940002,Calibration,silt
1604,65.618034,40.76795,53.192993,51.68,Calibration,silt
1605,72.92227,48.885822,60.90405,56.890003,Calibration,silt
1606,53.727795,31.156933,42.442364,29.720001,Calibration,silt
1607,18.315695,-3.129593,7.593051,7.3149996,Calibration,silt
1608,57.396767,33.740128,45.568447,39.21,Calibration,silt
1609,67.99447,44.791527,56.392998,62.370003,Calibration,silt
1610,88.65533,59.539936,74.09763,81.86,Calibration,silt
1611,68.95818,45.103542,57.030865,50.710003,Calibration,silt
1612,79.51262,52.289112,65.90086,72.52,Calibration,silt
1613,45.037186,23.82966,34.433422,34.350002,Calibration,silt
1614,78.18466,54.334503,66.25958,65.0,Calibration,silt
1615,47.1305,25.890814,36.51066,36.37,Calibration,silt
1616,58.847,34.491417,46.66921,49.729996,Calibration,silt
1617,39.94718,18.490608,29.218895,31.720001,Calibration,silt
1618,65.50325,41.831688,53.66747,53.93,Calibration,silt
1619,56.467472,33.68086,45.074165,42.440002,Calibration,silt
1620,82.88611,57.187176,70.036644,74.568,Calibration,silt
1621,44.78626,22.742931,33.764595,36.0,Calibration,silt
1622,35.1781,13.455512,24.316807,45.78,Calibration,silt
1623,73.660416,49.98896,61.824688,60.0,Calibration,silt
1624,59.06772,37.190224,48.12897,48.0,Calibration,silt
1625,26.38857,5.3845844,15.886578,9.0,Calibration,silt
1626,26.895138,4.5040236,15.699581,20.0,Calibration,silt
1627,78.65445,55.477173,67.06581,65.0,Calibration,silt
1628,65.38861,40.15683,52.77272,61.089996,Calibration,silt
1629,74.520615,50.208588,62.3646,64.58,Calibration,silt
1630,81.74371,55.781265,68.76249,71.16,Calibration,silt
1631,77.8498,52.62165,65.235725,64.740005,Calibration,silt
1632,78.35256,53.840893,66.096725,67.79,Calibration,silt
1633,81.767624,54.247524,68.007576,74.07,Calibration,silt
1634,78.9186,55.125957,67.02228,70.0,Calibration,silt
1635,63.4682,41.37542,52.42181,51.0,Calibration,silt
1636,57.78899,35.074535,46.431763,47.93,Calibration,silt
1637,68.98674,45.88937,57.438057,64.65,Calibration,silt
1638,69.22825,43.5296,56.37892,58.380005,Calibration,silt
1639,59.74541,37.04027,48.39284,44.88,Calibration,silt
1640,44.54234,23.161419,33.85188,36.3,Calibration,silt
1641,38.977127,17.674805,28.325966,14.65,Calibration,silt
1642,73.82953,50.784843,62.307186,59.0,Calibration,silt
1643,63.488777,41.39965,52.444214,52.0,Calibration,silt
1644,73.17977,50.601303,61.890537,64.991,Calibration,silt
1645,71.95138,49.54132,60.74635,61.37,Calibration,silt
1646,68.81598,45.979366,57.39767,54.0,Calibration,silt
1647,73.063354,48.793518,60.928436,59.72,Calibration,silt
1648,42.796303,20.910278,31.85329,32.05,Calibration,silt
1649,16.924417,-4.030206,6.447106,2.3460002,Calibration,silt
1650,78.966675,52.951214,65.95895,67.12,Calibration,silt
1651,71.910965,47.357143,59.634052,60.399994,Calibration,silt
1652,80.20294,54.169357,67.18615,63.649998,Calibration,silt
1653,37.88587,16.581257,27.233564,22.0,Calibration,silt
1654,78.22837,51.831917,65.03014,59.699997,Calibration,silt
1655,53.450237,30.789227,42.11973,44.059002,Calibration,silt
1656,58.78305,37.157204,47.970127,46.0,Calibration,silt
1657,68.52293,44.81759,56.670258,49.879997,Calibration,silt
1658,47.316208,25.11148,36.213844,38.16,Calibration,silt
1659,64.34664,41.949997,53.14832,49.0,Calibration,silt
1660,30.041595,9.358494,19.700045,17.02,Calibration,silt
1661,66.1751,44.118042,55.146572,51.16,Calibration,silt
1662,79.59917,55.539078,67.56912,74.86,Calibration,silt
1663,26.799065,5.6959467,16.247505,9.790001,Calibration,silt
1664,62.71818,40.748524,51.733353,55.86,Calibration,silt
1665,66.60376,44.11241,55.358086,54.0,Calibration,silt
1666,48.279526,26.992546,37.636036,38.32,Calibration,silt
1667,72.08417,49.019794,60.55198,58.0,Calibration,silt
1668,62.417625,40.237473,51.32755,53.0,Calibration,silt
1669,65.30585,42.04835,53.6771,55.79,Calibration,silt
1670,71.05428,47.043503,59.048893,57.86,Calibration,silt
1671,15.802083,-5.3900557,5.2060137,6.51,Calibration,silt
1672,74.93524,51.2088,63.07202,68.0,Calibration,silt
1673,71.32907,48.085514,59.707294,60.019997,Calibration,silt
1674,48.883938,27.313953,38.098946,46.254,Calibration,silt
1675,64.16668,42.503494,53.335087,57.0,Calibration,silt
1676,68.88292,46.303528,57.593224,54.99,Calibration,silt
1677,69.84997,46.1762,58.013084,57.0,Calibration,silt
1678,35.086704,12.984051,24.035378,22.499998,Calibration,silt
1679,38.051956,16.774647,27.413301,19.41,Calibration,silt
1680,53.753105,32.182953,42.96803,44.294,Calibration,silt
1681,46.390266,25.085173,35.73772,32.93,Calibration,silt
1682,63.51174,41.652,52.58187,57.22,Calibration,silt
1683,66.5936,43.727108,55.160355,59.16,Calibration,silt
1684,63.150608,41.198902,52.174755,51.820004,Calibration,silt
1685,57.271328,31.730213,44.50077,49.0,Calibration,silt
1686,48.30651,26.047197,37.176853,35.1,Calibration,silt
1687,87.67763,58.42307,73.05035,73.86,Calibration,silt
1688,64.33169,42.13407,53.23288,56.79,Calibration,silt
1689,65.09912,42.614918,53.857018,52.0,Calibration,silt
1690,36.07079,14.571353,25.321072,14.370001,Calibration,silt
1691,24.01826,1.8946781,12.956469,16.0,Calibration,silt
1692,51.73814,30.20522,40.97168,43.0,Calibration,silt
1693,73.26674,49.237946,61.252342,64.0,Calibration,silt
1694,70.06452,45.910027,57.987274,56.72,Calibration,silt
1695,32.020786,11.151143,21.585964,21.849998,Calibration,silt
1696,73.72256,49.488167,61.605362,59.370003,Calibration,silt
1697,61.416016,38.17798,49.796997,48.41,Calibration,silt
1698,74.03698,50.45873,62.247852,60.940006,Calibration,silt
1699,81.74298,50.902954,66.32297,64.86,Calibration,silt
1700,40.788322,18.624033,29.706179,33.86,Calibration,silt
1701,46.282333,24.19822,35.240276,33.260002,Calibration,silt
1702,81.590904,57.247154,69.41903,69.0,Calibration,silt
1703,55.08549,33.818913,44.4522,43.440002,Calibration,silt
1704,64.22809,42.509953,53.36902,50.0,Calibration,silt
1705,43.01128,20.629498,31.820389,31.86,Calibration,silt
1706,66.3988,42.952824,54.675816,45.02,Calibration,silt
1707,48.965027,27.685333,38.32518,33.2,Calibration,silt
1708,37.898724,16.557701,27.228212,28.0,Calibration,silt
1709,62.282932,39.645847,50.96439,48.79,Calibration,silt
1710,75.15761,52.03355,63.595577,63.72,Calibration,silt
1711,58.444862,34.978348,46.711605,44.170002,Calibration,silt
1712,55.17883,33.489697,44.334263,44.44,Calibration,silt
1713,58.433865,36.48421,47.459038,44.44,Calibration,silt
1714,73.83461,50.344833,62.08972,62.0,Calibration,silt
1715,58.360214,35.76261,47.061413,49.403,Calibration,silt
1716,35.592834,14.034763,24.813799,20.44,Calibration,silt
1717,83.61252,58.270416,70.94147,73.72,Calibration,silt
1718,61.573368,39.459064,50.516216,43.0,Calibration,silt
1719,21.031769,-0.044958115,10.493405,7.0599995,Calibration,silt
1720,47.334724,25.699318,36.51702,41.61,Calibration,silt
1721,56.476177,33.973034,45.224606,43.510002,Calibration,silt
1722,62.492546,40.209076,51.35081,55.510002,Calibration,silt
1723,30.809626,9.899363,20.354494,23.51,Calibration,silt
1724,34.030804,12.674019,23.352411,27.99,Calibration,silt
1725,26.303005,4.595397,15.449201,17.93,Calibration,silt
1726,67.96247,45.52902,56.745743,55.0,Calibration,silt
1727,79.733086,53.96155,66.84732,62.0,Calibration,silt
1728,67.457954,44.91017,56.184063,53.86,Calibration,silt
1729,38.626156,17.293488,27.959822,30.650002,Calibration,silt
1730,54.82719,31.977139,43.402164,43.72,Calibration,silt
1731,65.08116,41.14471,53.112938,59.75,Calibration,silt
1732,63.900764,40.283257,52.09201,51.550003,Calibration,silt
1733,61.672955,39.23908,50.456017,49.67,Calibration,silt
1734,65.111,42.949684,54.030342,52.0,Calibration,silt
1735,25.930058,4.4984083,15.214232,5.7700005,Calibration,silt
1736,45.081192,22.954422,34.017807,36.72,Calibration,silt
1737,58.986942,36.691006,47.838974,51.93,Calibration,silt
1738,62.45791,40.639618,51.548763,45.02,Calibration,silt
1739,59.22093,35.768063,47.494495,42.27,Calibration,silt
1740,72.6736,49.453346,61.063473,62.0,Calibration,silt
1741,73.72929,49.79107,61.760178,64.79,Calibration,silt
1742,74.6065,50.20693,62.406715,59.300003,Calibration,silt
1743,70.29496,46.082832,58.188896,59.93,Calibration,silt
1744,48.187542,25.596828,36.892185,41.51,Calibration,silt
1745,72.05613,48.464005,60.260067,65.27,Calibration,silt
1746,33.94569,11.153274,22.549482,32.83,Calibration,silt
1747,55.894745,33.28586,44.5903,32.3,Calibration,silt
1748,56.611393,34.756496,45.683945,45.0,Calibration,silt
1749,67.11201,45.397476,56.25474,54.44,Calibration,silt
1750,83.42081,56.092327,69.75657,71.87,Calibration,silt
1751,60.58261,37.776382,49.179497,48.0,Calibration,silt
1752,50.76523,28.143318,39.454273,27.64,Calibration,silt
1753,27.991901,7.0128775,17.50239,18.79,Calibration,silt
1754,86.85222,58.6615,72.75686,74.58,Calibration,silt
1755,51.54612,29.935297,40.740707,41.58,Calibration,silt
1756,35.642456,14.675127,25.15879,26.380001,Calibration,silt
1757,73.84738,49.715538,61.78146,62.0,Calibration,silt
1758,42.21012,18.991995,30.601057,20.06,Calibration,silt
1759,57.633648,35.595707,46.614677,47.65,Calibration,silt
1760,43.03956,21.435495,32.237526,46.181004,Calibration,silt
1761,66.38447,39.592052,52.98826,58.920002,Calibration,silt
1762,83.67376,56.764885,70.21932,74.72,Calibration,silt
1763,73.640945,49.200947,61.420948,62.79,Calibration,silt
1764,31.046803,10.160793,20.603798,16.96,Calibration,silt
1765,77.88214,52.161514,65.02183,69.676,Calibration,silt
1766,74.18588,49.557667,61.871777,69.65,Calibration,silt
1767,83.64604,52.62766,68.13685,66.44,Calibration,silt
1768,61.39676,37.87697,49.636864,53.8,Calibration,silt
1769,70.101036,46.632122,58.36658,59.0,Calibration,silt
1770,63.01099,41.29392,52.152454,52.93,Calibration,silt
1771,67.40208,44.599068,56.000572,54.370003,Calibration,silt
1772,49.52024,28.001534,38.760887,31.02,Calibration,silt
1773,63.66519,40.036606,51.8509,52.59,Calibration,silt
1774,57.598083,35.591515,46.5948,45.0,Calibration,silt
1775,17.890417,-3.1752229,7.357597,2.1320002,Calibration,silt
1776,75.43375,50.726746,63.080246,65.0,Calibration,silt
1777,61.24865,39.16468,50.206665,48.58,Calibration,silt
1778,75.18857,50.691116,62.939842,66.0,Calibration,silt
1779,74.9108,50.794224,62.85251,75.23,Calibration,silt
1780,55.044014,32.19873,43.621372,44.720997,Calibration,silt
1781,71.626274,48.645947,60.136112,54.230003,Calibration,silt
1782,78.0033,52.771187,65.387245,69.0,Calibration,silt
1783,31.047916,10.096458,20.572187,15.4800005,Calibration,silt
1784,67.52611,45.160374,56.34324,50.0,Calibration,silt
1785,75.9979,52.35711,64.177505,61.0,Calibration,silt
1786,49.208405,27.751114,38.47976,35.44,Calibration,silt
1787,75.540855,51.129967,63.33541,67.0,Calibration,silt
1788,50.13323,28.396694,39.26496,36.58,Calibration,silt
1789,57.950893,35.501537,46.726215,23.0,Calibration,silt
1790,49.89239,28.38277,39.13758,37.09,Calibration,silt
1791,63.041187,40.004894,51.52304,52.0,Calibration,silt
1792,47.644367,24.950161,36.297264,40.72,Calibration,silt
1793,46.057858,22.877254,34.467556,37.41,Calibration,silt
1794,72.76126,49.8614,61.311333,22.3,Calibration,silt
1795,63.220802,40.833252,52.027027,53.300003,Calibration,silt
1796,83.04109,56.084335,69.56271,67.438,Calibration,silt
1797,45.219196,23.175953,34.197575,39.37,Calibration,silt
1798,85.92124,56.8888,71.40502,76.58,Calibration,silt
1799,45.8427,22.30067,34.071686,19.119999,Calibration,silt
1800,70.35496,42.456284,56.40562,52.44,Calibration,silt
1801,23.4571,2.4774418,12.967271,8.51,Calibration,silt
1802,63.786556,40.92352,52.355038,52.0,Calibration,silt
1803,60.857563,38.223957,49.54076,51.6,Calibration,silt
1804,68.78783,45.37072,57.079273,46.88,Calibration,silt
1805,67.08319,44.888344,55.985767,55.72,Calibration,silt
1806,62.917767,39.820805,51.369286,47.212,Calibration,silt
1807,52.156998,30.459663,41.30833,38.44,Calibration,silt
1808,54.865986,32.853275,43.85963,45.09,Calibration,silt
1809,72.99833,49.70699,61.352657,62.65,Calibration,silt
1810,80.25677,52.345623,66.30119,65.01,Calibration,silt
1811,79.99257,54.172775,67.08267,67.68,Calibration,silt
1812,69.60375,47.550453,58.577103,57.0,Calibration,silt
1813,54.98266,32.8181,43.90038,49.83,Calibration,silt
1814,72.137924,46.218113,59.178017,58.160004,Calibration,silt
1815,74.46779,50.997055,62.73242,65.0,Calibration,silt
1816,74.0054,50.033802,62.019604,60.0,Calibration,silt
1817,26.19662,4.89275,15.544685,19.695,Calibration,silt
1818,77.307144,49.081314,63.19423,60.5,Calibration,silt
1819,60.73921,37.405872,49.07254,54.82,Calibration,silt
1820,54.333916,32.403427,43.36867,41.86,Calibration,silt
1821,38.10188,15.848595,26.975237,19.92,Calibration,silt
1822,37.3741,16.338924,26.856512,25.37,Calibration,silt
1823,72.90775,49.186127,61.04694,62.0,Calibration,silt
1824,38.46198,16.753887,27.607933,38.16,Calibration,silt
1825,74.631645,49.516678,62.07416,68.009995,Calibration,silt
1826,52.688263,30.730604,41.709435,49.79,Calibration,silt
1827,44.902264,22.432728,33.667496,26.72,Calibration,silt
1828,64.99175,39.965126,52.47844,57.77,Calibration,silt
1829,56.957,34.575897,45.76645,46.0,Calibration,silt
1830,65.207535,42.817703,54.01262,53.58,Calibration,silt
1831,59.832886,38.28351,49.058197,50.0,Calibration,silt
1832,47.18573,25.525406,36.355568,44.86,Calibration,silt
1833,63.010433,41.18417,52.0973,44.370003,Calibration,silt
1834,65.861664,43.70673,54.7842,55.0,Calibration,silt
1835,57.48198,34.628258,46.05512,44.240005,Calibration,silt
1836,70.485085,46.69355,58.589317,53.0,Calibration,silt
1837,91.8516,61.243526,76.54756,78.51,Calibration,silt
1838,83.07774,56.85957,69.96866,74.9,Calibration,silt
1839,53.526398,32.387657,42.957027,41.050003,Calibration,silt
1840,73.50201,49.561996,61.532,65.13,Calibration,silt
1841,65.89913,43.646873,54.773003,54.0,Calibration,silt
1842,62.73116,40.981243,51.8562,46.0,Calibration,silt
1843,64.27876,39.375946,51.827354,51.83,Calibration,silt
1844,81.48988,55.798923,68.6444,71.93,Calibration,silt
1845,59.11094,35.79339,47.452164,40.726997,Calibration,silt
1846,41.69249,19.640484,30.666487,34.29,Calibration,silt
1847,63.261826,38.89206,51.076942,48.23,Calibration,silt
1848,84.44705,54.339935,69.39349,71.819,Calibration,silt
1849,57.745106,35.510365,46.627735,44.510002,Calibration,silt
1850,88.76381,59.34276,74.05328,72.58,Calibration,silt
1851,52.96189,31.230423,42.096157,45.79,Calibration,silt
1852,87.53209,61.348324,74.44021,79.79,Calibration,silt
1853,55.790627,34.23709,45.01386,42.489002,Calibration,silt
1854,48.782295,27.31206,38.047176,39.86,Calibration,silt
1855,42.463993,20.2892,31.376596,28.019999,Calibration,silt
1856,94.28025,64.224785,79.25252,76.23,Calibration,silt
1857,73.76484,48.577892,61.171364,56.780003,Calibration,silt
1858,27.551685,6.224963,16.888325,9.64,Calibration,silt
1859,16.715336,-4.1888533,6.263241,1.683,Calibration,silt
1860,75.17413,50.87742,63.025776,63.72,Calibration,silt
1861,80.93642,54.679775,67.8081,66.789,Calibration,silt
1862,70.50738,47.372047,58.939713,56.0,Calibration,silt
1863,57.860493,35.99293,46.926712,46.954002,Calibration,silt
1864,22.973717,1.2441053,12.1089115,15.719999,Calibration,silt
1865,79.294495,53.42137,66.35793,68.694,Calibration,silt
1866,58.10193,33.94033,46.02113,49.93,Calibration,silt
1867,56.34148,31.03471,43.688095,49.510002,Calibration,silt
1868,47.15744,25.308243,36.23284,39.0,Calibration,silt
1869,23.071123,2.1475067,12.609315,8.34,Calibration,silt
1870,88.29987,58.031826,73.16585,76.72,Calibration,silt
1871,54.816536,32.95266,43.884598,48.16,Calibration,silt
1872,66.7513,41.63714,54.194218,53.83,Calibration,silt
1873,64.39601,41.656307,53.026157,51.440002,Calibration,silt
1874,66.727684,43.214806,54.971245,58.09,Calibration,silt
1875,53.54903,30.97639,42.26271,35.3,Calibration,silt
1876,22.316132,1.0562716,11.686202,9.0,Calibration,silt
1877,44.589996,20.039986,32.31499,43.0,Calibration,silt
1878,28.204437,7.3087435,17.75659,24.0,Calibration,silt
1879,63.982864,41.923164,52.953014,47.0,Calibration,silt
1880,32.83935,9.910417,21.374884,22.93,Calibration,silt
1881,63.410393,40.27424,51.842316,54.43,Calibration,silt
1882,56.027428,34.375763,45.201595,48.65,Calibration,silt
1883,61.443016,39.1577,50.300358,53.85,Calibration,silt
1884,30.934872,8.858418,19.896645,23.93,Calibration,silt
1885,40.690636,18.87178,29.781208,28.61,Calibration,silt
1886,60.010277,37.750114,48.880196,48.230003,Calibration,silt
1887,73.801414,49.9805,61.890957,65.56699,Calibration,silt
1888,65.8969,44.115692,55.006294,49.72,Calibration,silt
1889,55.514412,32.842384,44.1784,38.510002,Calibration,silt
1890,14.738209,-6.5361257,4.1010413,0.009999,Calibration,silt
1891,40.107086,18.59634,29.351713,25.0,Calibration,silt
1892,39.49983,17.733818,28.616823,26.509998,Calibration,silt
1893,18.757652,-2.312131,8.222761,4.0,Calibration,silt
1894,37.42557,14.961686,26.193628,20.31,Calibration,silt
1895,73.049614,50.283947,61.666782,60.58,Calibration,silt
1896,30.508049,9.11205,19.81005,27.93,Calibration,silt
1897,55.286926,33.84996,44.568443,51.93,Calibration,silt
1898,65.74234,42.551044,54.14669,54.300003,Calibration,silt
1899,59.28935,37.85796,48.573654,55.0,Calibration,silt
1900,34.003418,12.625769,23.314592,29.99,Calibration,silt
1901,69.461754,43.429684,56.445717,69.33,Calibration,silt
1902,62.24236,39.470333,50.856346,47.510002,Calibration,silt
1903,80.61924,54.95884,67.78904,68.18,Calibration,silt
1904,73.69555,48.2556,60.975574,61.58,Calibration,silt
1905,78.909454,53.699814,66.304634,50.92,Calibration,silt
1906,36.392345,15.239779,25.816063,23.02,Calibration,silt
1907,31.866163,10.175356,21.02076,25.650002,Calibration,silt
1908,77.532616,53.270733,65.40167,69.93,Calibration,silt
1909,78.9399,54.265133,66.602516,59.160004,Calibration,silt
1910,71.44878,48.872303,60.160538,57.0,Calibration,silt
1911,16.335129,-4.9861736,5.6744776,2.929707,Calibration,silt
1912,44.804123,22.814522,33.809322,24.759998,Calibration,silt
1913,62.45682,39.9453,51.20106,51.02,Calibration,silt
1914,72.50974,47.074547,59.792145,64.43,Calibration,silt
1915,52.75751,30.596912,41.67721,50.24,Calibration,silt
1916,73.831505,49.32779,61.579647,63.0,Calibration,silt
1917,59.574505,37.061237,48.31787,50.0,Calibration,silt
1918,59.77945,35.403976,47.591713,41.55,Calibration,silt
1919,89.93866,61.869125,75.90389,68.51,Calibration,silt
1920,69.30814,45.85124,57.579693,61.0,Calibration,silt
1921,41.68399,19.922348,30.80317,26.650002,Calibration,silt
1922,49.96575,27.725748,38.84575,36.3,Calibration,silt
1923,43.511993,20.956436,32.234215,34.34,Calibration,silt
1924,72.141106,47.50437,59.82274,57.41,Calibration,silt
1925,49.89968,28.03421,38.966946,41.02,Calibration,silt
1926,73.021355,48.387432,60.704395,57.300003,Calibration,silt
1927,43.06041,21.487463,32.273937,24.509998,Calibration,silt
1928,15.541868,-5.7054653,4.9182014,2.0,Calibration,silt
1929,68.47304,45.158844,56.81594,66.65,Calibration,silt
1930,86.300125,53.20161,69.75087,75.85,Calibration,silt
1931,71.23081,44.79409,58.01245,59.86,Calibration,silt
1932,56.502422,33.59672,45.049572,53.23,Calibration,silt
1933,36.6699,15.341054,26.005476,25.580002,Calibration,silt
1934,71.702614,48.40499,60.053802,46.230003,Calibration,silt
1935,34.979797,13.470693,24.225245,25.21,Calibration,silt
1936,24.610329,3.4384098,14.024369,11.58,Calibration,silt
1937,54.123215,32.686317,43.404766,43.810005,Calibration,silt
1938,40.85459,19.669998,30.262295,38.93,Calibration,silt
1939,62.647526,39.87518,51.261353,53.0,Calibration,silt
1940,68.15657,45.103577,56.630074,47.949997,Calibration,silt
1941,41.049557,19.295399,30.172478,30.86,Calibration,silt
1942,55.628006,32.352715,43.99036,46.0,Calibration,silt
1943,44.274643,22.76426,33.51945,30.0,Calibration,silt
1944,62.996002,39.55652,51.27626,48.72,Calibration,silt
1945,57.08203,34.280403,45.681217,50.170006,Calibration,silt
1946,46.691696,24.887482,35.78959,38.44,Calibration,silt
1947,80.543594,50.726124,65.63486,67.72,Calibration,silt
1948,82.35603,57.131603,69.74382,62.097,Calibration,silt
1949,70.39983,45.990456,58.195145,58.350002,Calibration,silt
1950,26.898138,5.6988277,16.298483,19.369999,Calibration,silt
1951,63.281994,40.102566,51.69228,51.25,Calibration,silt
1952,71.56528,45.713745,58.63951,62.0,Calibration,silt
1953,53.34445,30.513002,41.928726,46.870003,Calibration,silt
1954,69.65156,46.389282,58.02042,58.65,Calibration,silt
1955,70.10496,46.557182,58.33107,61.510002,Calibration,silt
1956,17.891108,-3.220183,7.335462,5.0,Calibration,silt
1957,68.5386,45.172047,56.855324,58.86,Calibration,silt
1958,57.928047,35.308006,46.618027,38.160004,Calibration,silt
1959,58.59648,36.311157,47.45382,44.510002,Calibration,silt
1960,42.180634,21.022173,31.601402,34.44,Calibration,silt
1961,55.919746,33.538086,44.728916,45.0,Calibration,silt
1962,76.40525,48.66419,62.534718,65.679,Calibration,silt
1963,75.99309,51.247078,63.620083,68.44,Calibration,silt
1964,61.57634,38.089638,49.83299,52.899994,Calibration,silt
1965,59.92416,37.88457,48.904366,49.510002,Calibration,silt
1966,66.848526,44.070946,55.459736,53.0,Calibration,silt
1967,79.478935,54.793922,67.13643,67.23,Calibration,silt
1968,54.725975,31.857248,43.29161,42.350002,Calibration,silt
1969,65.74429,43.331573,54.537933,55.58,Calibration,silt
1970,36.457443,14.497951,25.477697,24.93,Calibration,silt
1971,47.221004,25.820591,36.520798,35.0,Calibration,silt
1972,27.86067,4.6689625,16.264816,18.93,Calibration,silt
1973,23.193405,2.0527334,12.623069,8.0,Calibration,silt
1974,59.61981,35.15608,47.387943,45.13,Calibration,silt
1975,67.53514,45.089607,56.312374,51.0,Calibration,silt
1976,78.31357,52.645233,65.4794,66.0,Calibration,silt
1977,45.656013,23.65458,34.655296,38.62,Calibration,silt
1978,71.79233,47.34453,59.568428,64.798,Calibration,silt
1979,49.447945,27.615837,38.53189,33.0,Calibration,silt
1980,66.67881,43.45282,55.065815,54.0,Calibration,silt
1981,86.06842,57.60225,71.835335,72.151,Calibration,silt
1982,76.91405,52.00934,64.46169,66.38,Calibration,silt
1983,76.92274,52.014153,64.468445,67.0,Calibration,silt
1984,23.65033,1.568182,12.609256,14.93,Calibration,silt
1985,23.257072,2.3432598,12.800166,8.0,Calibration,silt
1986,83.50977,58.46506,70.98742,67.0,Calibration,silt
1987,68.93654,44.86635,56.901443,47.620003,Calibration,silt
1988,81.36478,55.672283,68.51853,69.0,Calibration,silt
1989,53.43679,30.8323,42.134544,41.02,Calibration,silt
1990,80.33244,55.33231,67.832375,70.86,Calibration,silt
1991,74.17381,50.463955,62.318886,58.0,Calibration,silt
1992,28.73566,5.6367617,17.18621,19.86,Calibration,silt
1993,52.595505,30.82965,41.712578,46.93,Calibration,silt
1994,72.99504,50.031662,61.51335,57.58,Calibration,silt
1995,49.357525,25.887028,37.622276,57.84,Calibration,silt
1996,19.63801,-2.0569324,8.790539,9.0,Calibration,silt
1997,29.232311,7.391758,18.312035,17.85,Calibration,silt
1998,78.89689,53.166004,66.03145,61.61,Calibration,silt
1999,66.2901,41.507374,53.89874,56.37,Calibration,silt
2000,64.15526,39.212097,51.683678,53.79,Calibration,silt
2001,28.640549,7.187958,17.914253,16.93,Calibration,silt
2002,71.89807,48.714363,60.306217,61.0,Calibration,silt
2003,56.2926,34.842213,45.567406,42.3,Calibration,silt
2004,71.16759,48.174774,59.67118,64.0,Calibration,silt
2005,58.224354,36.17014,47.197247,46.0,Calibration,silt
2006,75.59657,51.36662,63.481598,59.72,Calibration,silt
2007,73.402916,50.419502,61.91121,54.0,Calibration,silt
2008,68.45172,45.630455,57.04109,59.230003,Calibration,silt
2009,42.792774,20.941845,31.86731,33.949997,Calibration,silt
2010,73.01172,48.698505,60.855114,60.95,Calibration,silt
2011,76.717255,52.71115,64.7142,64.72,Calibration,silt
2012,75.08562,50.59515,62.84038,60.3,Calibration,silt
2013,34.92222,13.922329,24.422274,25.710001,Calibration,silt
2014,55.924156,31.85099,43.887573,42.02,Calibration,silt
2015,72.63146,50.019802,61.32563,59.870003,Calibration,silt
2016,60.160374,38.091854,49.126114,51.47,Calibration,silt
2017,60.927002,38.252686,49.589844,43.0,Calibration,silt
2018,54.327057,30.322601,42.32483,42.74,Calibration,silt
2019,49.34084,28.270153,38.805496,48.77,Calibration,silt
2020,41.620293,19.795963,30.708128,27.426,Calibration,silt
2021,39.895466,18.174847,29.035156,28.82,Calibration,silt
2022,40.605923,18.646015,29.625969,27.95,Calibration,silt
2023,80.359215,55.99418,68.1767,69.0,Calibration,silt
2024,76.190216,51.84581,64.01801,65.0,Calibration,silt
2025,55.21302,33.17286,44.19294,41.0,Calibration,silt
2026,39.848804,18.473198,29.161001,26.974998,Calibration,silt
2027,60.304264,37.87933,49.091797,44.74,Calibration,silt
2028,78.719505,53.376884,66.048195,61.737,Calibration,silt
2029,60.627472,37.990387,49.30893,44.69,Calibration,silt
2030,64.25343,41.627834,52.940636,53.420002,Calibration,silt
2031,64.46155,41.706314,53.08393,53.370003,Calibration,silt
2032,89.595474,57.02165,73.30856,77.16,Calibration,silt
2033,61.31976,38.260143,49.78995,49.04,Calibration,silt
2034,28.649803,7.2488737,17.949339,7.43,Calibration,silt
2035,56.915474,35.13082,46.023148,45.0,Calibration,silt
2036,56.08989,33.24086,44.665375,47.800003,Calibration,silt
2037,54.396965,32.70527,43.551117,47.02,Calibration,silt
2038,65.59333,43.56179,54.57756,56.0,Calibration,silt
2039,68.67353,42.616016,55.644775,65.51,Calibration,silt
2040,37.234127,16.114388,26.674257,27.0,Calibration,silt
2041,43.308834,22.008015,32.658424,32.16,Calibration,silt
2042,62.99501,41.005577,52.000294,52.0,Calibration,silt
2043,34.235355,12.752262,23.493809,29.199999,Calibration,silt
2044,62.654354,39.846867,51.25061,54.510002,Calibration,silt
2045,80.029724,54.123703,67.07671,66.3,Calibration,silt
2046,38.85816,17.156704,28.007431,28.440002,Calibration,silt
2047,61.49307,39.16956,50.331314,51.0,Calibration,silt
2048,63.52537,40.725094,52.125233,51.02,Calibration,silt
2049,39.77952,18.407295,29.093407,34.16,Calibration,silt
2050,77.60053,53.6262,65.613365,46.58,Calibration,silt
2051,73.8289,50.20999,62.019447,60.0,Calibration,silt
2052,78.17403,52.32105,65.247536,69.69,Calibration,silt
2053,79.76384,53.302383,66.53311,69.432,Calibration,silt
2054,76.17349,51.38222,63.777855,66.58,Calibration,silt
2055,20.637592,-0.33771992,10.149937,4.18,Calibration,silt
2056,70.71655,47.89153,59.304043,57.0,Calibration,silt
2057,51.03508,27.98086,39.50797,42.02,Calibration,silt
2058,55.167294,33.140476,44.153885,41.23,Calibration,silt
2059,57.916096,35.0312,46.473648,49.65,Calibration,silt
2060,39.080715,17.256088,28.168402,34.93,Calibration,silt
2061,68.379295,45.00094,56.690117,58.79,Calibration,silt
2062,47.38437,25.752426,36.568398,44.6,Calibration,silt
2063,56.75389,35.0409,45.897396,47.920002,Calibration,silt
2064,50.844433,28.678349,39.76139,39.79,Calibration,silt
2065,46.056213,23.413849,34.73503,42.102,Calibration,silt
2066,45.23072,23.96228,34.5965,38.769997,Calibration,silt
2067,72.74669,48.632805,60.689747,60.72,Calibration,silt
2068,44.179356,22.503773,33.341564,38.085,Calibration,silt
2069,69.82977,46.422882,58.126328,56.0,Calibration,silt
2070,61.56905,38.738476,50.153763,45.83,Calibration,silt
2071,78.209015,53.253265,65.73114,65.0,Calibration,silt
2072,86.953,58.918564,72.93578,73.405,Calibration,silt
2073,70.95999,48.039562,59.49978,54.0,Calibration,silt
2074,69.36577,46.391582,57.878677,63.510002,Calibration,silt
2075,69.595406,46.639236,58.11732,56.0,Calibration,silt
2076,75.13313,49.09096,62.11205,64.729004,Calibration,silt
2077,58.581974,34.62753,46.60475,55.071003,Calibration,silt
2078,33.659374,12.125255,22.892315,12.51,Calibration,silt
2079,24.671257,1.6773062,13.174282,18.315998,Calibration,silt
2080,52.746803,30.637093,41.691948,42.51,Calibration,silt
2081,40.85876,19.30785,30.083305,27.740002,Calibration,silt
2082,27.635504,6.3855114,17.010508,6.79,Calibration,silt
2083,57.45841,34.730953,46.09468,46.86,Calibration,silt
2084,57.512466,35.870636,46.69155,50.120003,Calibration,silt
2085,26.658047,5.2994757,15.978761,9.639999,Calibration,silt
2086,61.253063,38.962963,50.108013,53.0,Calibration,silt
2087,81.49571,52.420654,66.95818,68.064,Calibration,silt
2088,64.89788,42.219353,53.558617,51.370003,Calibration,silt
2089,25.993546,4.644828,15.319186,8.099999,Calibration,silt
2090,22.014486,-1.0472889,10.483599,8.99,Calibration,silt
2091,61.090992,36.78623,48.93861,54.259995,Calibration,silt
2092,55.61066,33.951153,44.780907,45.68,Calibration,silt
2093,69.28628,45.428467,57.357372,61.941,Calibration,silt
2094,30.154722,8.414026,19.284374,16.88,Calibration,silt
2095,72.49042,49.102318,60.796368,61.72,Calibration,silt
2096,69.259796,45.471123,57.36546,56.0,Calibration,silt
2097,67.502655,45.33332,56.417988,52.99,Calibration,silt
2098,52.44452,30.349388,41.396954,45.44,Calibration,silt
2099,63.598774,38.857082,51.22793,51.550003,Calibration,silt
2100,43.080933,21.187843,32.134388,35.379997,Calibration,silt
2101,34.772575,13.007716,23.890146,23.589998,Calibration,silt
2102,48.6844,26.917233,37.800816,34.03,Calibration,silt
2103,56.599926,32.790386,44.695156,44.74,Calibration,silt
2104,57.49928,35.855953,46.677616,47.22,Calibration,silt
2105,55.85994,33.610374,44.735157,50.51,Calibration,silt
2106,47.753574,26.316418,37.034996,37.73,Calibration,silt
2107,27.728703,6.385274,17.056988,19.358002,Calibration,silt
2108,85.30847,58.426212,71.86734,70.164,Calibration,silt
2109,61.339783,37.889633,49.614708,57.3,Calibration,silt
2110,77.89143,52.220913,65.056175,64.0,Calibration,silt
2111,78.24886,53.333183,65.79102,69.0,Calibration,silt
2112,67.070755,42.152836,54.611797,49.379997,Calibration,silt
2113,32.817825,10.589138,21.703482,18.650002,Calibration,silt
2114,67.8235,44.332996,56.078247,45.44,Calibration,silt
2115,96.67417,64.55596,80.61507,83.215,Calibration,silt
2116,49.42031,27.85839,38.63935,34.37,Calibration,silt
2117,45.03869,23.360329,34.19951,39.09,Calibration,silt
2118,80.523026,53.45155,66.98729,64.995995,Calibration,silt
2119,67.523125,43.923943,55.723534,56.0,Calibration,silt
2120,42.915356,19.897297,31.406326,26.429998,Calibration,silt
2121,23.015865,2.2001553,12.60801,15.0,Calibration,silt
2122,48.346745,26.42442,37.385582,42.23,Calibration,silt
2123,89.67076,59.285114,74.477936,80.05,Calibration,silt
2124,27.53645,6.3639555,16.950203,20.19,Calibration,silt
2125,67.60669,44.25614,55.931416,55.72,Calibration,silt
2126,51.15413,29.193113,40.173622,41.95,Calibration,silt
2127,68.159874,44.842747,56.501312,48.259995,Calibration,silt
2128,58.1818,34.625954,46.403877,46.72,Calibration,silt
2129,35.862434,14.393493,25.127964,26.99,Calibration,silt
2130,73.96967,50.97648,62.473076,55.0,Calibration,silt
2131,29.20348,8.385974,18.794727,22.0,Calibration,silt
2132,72.75477,47.175865,59.965317,67.44,Calibration,silt
2133,71.7266,48.64461,60.185604,59.65,Calibration,silt
2134,30.045652,9.085779,19.565716,17.0,Calibration,silt
2135,83.07577,58.093483,70.584625,75.0,Calibration,silt
2136,67.319954,43.77215,55.54605,54.81,Calibration,silt
2137,62.431458,38.852516,50.641987,49.34,Calibration,silt
2138,58.18018,35.42378,46.80198,47.65,Calibration,silt
2139,78.6595,54.08165,66.370575,61.09,Calibration,silt
2140,53.59609,29.647282,41.621685,46.379997,Calibration,silt
2141,87.09483,56.960285,72.02756,69.793,Calibration,silt
2142,41.106888,20.146597,30.626743,35.440002,Calibration,silt
2143,51.851505,30.123966,40.987736,39.47,Calibration,silt
2144,41.28912,19.906998,30.598059,40.16,Calibration,silt
2145,38.875862,16.96276,27.919312,19.51,Calibration,silt
2146,43.17261,20.80796,31.990286,32.72,Calibration,silt
2147,51.60482,29.765486,40.685154,41.44,Calibration,silt
2148,36.30452,13.711182,25.00785,25.97,Calibration,silt
2149,77.88541,52.52255,65.20398,75.12,Calibration,silt
2150,62.427944,40.684536,51.55624,47.0,Calibration,silt
2151,76.2818,48.68119,62.481495,64.39,Calibration,silt
2152,80.349815,55.782494,68.066154,69.58,Calibration,silt
2153,60.255505,36.352222,48.303864,55.72,Calibration,silt
2154,56.568176,33.60688,45.08753,48.88,Calibration,silt
2155,62.385727,36.916733,49.65123,47.6,Calibration,silt
2156,56.003128,34.421425,45.212276,45.0,Calibration,silt
2157,70.67533,48.098766,59.38705,64.86,Calibration,silt
2158,82.63983,55.160583,68.90021,61.85,Calibration,silt
2159,85.084435,56.58094,70.83269,68.685005,Calibration,silt
2160,43.14548,21.774097,32.45979,33.16,Calibration,silt
2161,58.61219,36.19124,47.401714,46.440002,Calibration,silt
2162,48.356194,26.224154,37.290173,43.3,Calibration,silt
2163,31.753124,10.564316,21.15872,9.72,Calibration,silt
2164,39.095257,17.49002,28.292639,15.650002,Calibration,silt
2165,60.393456,36.513527,48.45349,50.58,Calibration,silt
2166,92.28689,61.41622,76.851555,81.65,Calibration,silt
2167,54.41627,31.879894,43.148083,37.649998,Calibration,silt
2168,60.04271,36.49907,48.27089,50.39,Calibration,silt
2169,65.33303,41.686577,53.509804,56.72,Calibration,silt
2170,55.321,32.861954,44.091476,50.299995,Calibration,silt
2171,58.279514,36.23309,47.2563,45.72,Calibration,silt
2172,75.358795,51.238087,63.298443,67.86,Calibration,silt
2173,58.571583,35.0973,46.834442,47.58,Calibration,silt
2174,65.591705,43.045277,54.318493,57.0,Calibration,silt
2175,37.539654,16.236279,26.887966,28.650002,Calibration,silt
2176,78.185104,49.907963,64.04653,62.182,Calibration,silt
2177,63.659058,41.35208,52.50557,49.949997,Calibration,silt
2178,82.95628,55.333607,69.14494,52.76,Calibration,silt
2179,41.984776,20.526714,31.255745,34.4,Calibration,silt
2180,66.31705,40.71716,53.517105,58.0,Calibration,silt
2181,62.430298,39.550423,50.99036,52.420002,Calibration,silt
2182,75.67995,51.645634,63.66279,62.160004,Calibration,silt
2183,61.351643,39.01279,50.182217,58.06,Calibration,silt
2184,55.018616,33.43242,44.225517,44.3,Calibration,silt
2185,63.27371,41.10687,52.19029,54.0,Calibration,silt
2186,42.471252,20.394575,31.432913,31.94,Calibration,silt
2187,78.79178,55.399185,67.09548,66.0,Calibration,silt
2188,65.24489,41.637833,53.44136,45.49,Calibration,silt
2189,74.58454,50.707584,62.64606,61.0,Calibration,silt
2190,70.56046,45.946526,58.253494,57.593002,Calibration,silt
2191,58.74077,36.224525,47.482647,41.51,Calibration,silt
2192,17.701996,-3.5071115,7.0974426,6.7100005,Calibration,silt
2193,43.04774,21.153477,32.10061,35.11,Calibration,silt
2194,45.10672,23.577822,34.34227,35.9964,Calibration,silt
2195,74.837776,50.717842,62.77781,62.86,Calibration,silt
2196,50.70052,29.007221,39.85387,36.780003,Calibration,silt
2197,17.166763,-3.925212,6.620776,4.79,Calibration,silt
2198,33.174255,11.69002,22.432138,16.83,Calibration,silt
2199,63.596825,39.172707,51.384766,50.88,Calibration,silt
2200,67.042816,44.595276,55.819046,55.59,Calibration,silt
2201,49.22545,28.103867,38.664658,40.0,Calibration,silt
2202,60.434086,37.495296,48.96469,44.69,Calibration,silt
2203,75.5869,48.848225,62.21756,58.015,Calibration,silt
2204,78.84479,54.693043,66.76891,69.0,Calibration,silt
2205,18.171362,-2.977038,7.597162,8.0,Calibration,silt
2206,64.83524,41.21924,53.02724,55.089996,Calibration,silt
2207,71.071045,47.530582,59.300816,59.0,Calibration,silt
2208,80.3045,53.94605,67.125275,72.65,Calibration,silt
2209,34.88027,13.517258,24.198763,28.0,Calibration,silt
2210,85.349,57.76152,71.55526,69.312,Calibration,silt
2211,69.98343,44.82315,57.40329,54.99,Calibration,silt
2212,74.21989,50.592415,62.40615,69.79,Calibration,silt
2213,25.15484,3.7391434,14.446992,4.7200003,Calibration,silt
2214,20.587574,-0.5186968,10.034438,5.9200006,Calibration,silt
2215,70.235306,47.801598,59.01845,59.440002,Calibration,silt
2216,87.375885,59.88391,73.6299,78.059,Calibration,silt
2217,14.997776,-6.6150126,4.191382,0.009999,Calibration,silt
2218,44.483162,23.070694,33.776928,38.710003,Calibration,silt
2219,58.489784,34.38932,46.439552,39.931,Calibration,silt
2220,68.77605,46.426197,57.60112,60.93,Calibration,silt
2221,60.02441,37.119007,48.57171,50.58,Calibration,silt
2222,71.44768,47.986286,59.716984,59.0,Calibration,silt
2223,63.53961,40.952934,52.246273,56.0,Calibration,silt
2224,68.77167,46.020317,57.395992,54.0,Calibration,silt
2225,73.27967,48.666862,60.973267,67.11,Calibration,silt
2226,40.404537,19.064701,29.73462,30.41,Calibration,silt
2227,27.645338,6.4491596,17.047249,6.86,Calibration,silt
2228,73.60114,49.522224,61.561684,63.72,Calibration,silt
2229,75.26798,48.768646,62.018314,57.879997,Calibration,silt
2230,61.64705,38.771164,50.209106,52.300003,Calibration,silt
2231,78.255165,53.274433,65.7648,61.0,Calibration,silt
2232,42.906418,21.628242,32.26733,26.509998,Calibration,silt
2233,75.567604,51.215015,63.39131,48.440002,Calibration,silt
2234,69.1214,44.93082,57.02611,57.72,Calibration,silt
2235,81.243195,55.047153,68.14517,64.12,Calibration,silt
2236,67.74633,45.59362,56.669975,52.58,Calibration,silt
2237,46.390778,21.803665,34.09722,39.88,Calibration,silt
2238,70.6637,48.048016,59.355858,59.58,Calibration,silt
2239,31.874828,9.580913,20.72787,10.58,Calibration,silt
2240,77.48571,51.76458,64.625145,65.09,Calibration,silt
2241,56.578068,31.858135,44.2181,37.280003,Calibration,silt
2242,29.072306,7.8227634,18.447535,14.29,Calibration,silt
2243,40.36385,18.69595,29.5299,35.300003,Calibration,silt
2244,27.570972,6.2539644,16.912468,17.0,Calibration,silt
2245,18.383104,-2.6080832,7.887511,7.0,Calibration,silt
2246,70.32157,46.95182,58.636696,63.58,Calibration,silt
2247,75.91704,51.77143,63.844234,64.0,Calibration,silt
2248,21.85005,-1.3141994,10.267925,9.93,Calibration,silt
2249,68.5852,44.679207,56.632202,63.440002,Calibration,silt
2250,37.92752,16.438915,27.183218,38.500004,Calibration,silt
2251,31.656935,10.131289,20.894112,19.93,Calibration,silt
2252,58.33648,35.409546,46.873013,53.53,Calibration,silt
2253,37.61856,15.674943,26.646751,25.602999,Calibration,silt
2254,77.80401,51.53236,64.66818,61.0,Calibration,silt
2255,74.92351,50.72458,62.824043,64.0,Calibration,silt
2256,74.14897,46.991714,60.570343,64.09,Calibration,silt
2257,50.190727,28.902771,39.54675,44.93,Calibration,silt
2258,73.32965,49.946686,61.63817,64.0,Calibration,silt
2259,87.26633,59.07904,73.17268,77.51,Calibration,silt
2260,94.07876,63.486187,78.78247,77.729,Calibration,silt
2261,43.6206,21.836933,32.728767,37.16,Calibration,silt
2262,67.46433,43.615105,55.53972,54.23,Calibration,silt
2263,42.001793,20.786386,31.394089,35.84,Calibration,silt
2264,69.777885,46.152782,57.965336,62.170002,Calibration,silt
2265,53.034393,30.8684,41.951397,41.0,Calibration,silt
2266,56.996964,34.704758,45.85086,44.81,Calibration,silt
2267,42.891468,21.291607,32.091537,27.580002,Calibration,silt
2268,38.110382,16.838648,27.474516,27.94,Calibration,silt
2269,74.91445,50.85462,62.884537,64.0,Calibration,silt
2270,86.57419,60.230316,73.40225,77.65,Calibration,silt
2271,47.202354,25.763031,36.482693,69.01,Calibration,silt
2272,53.356373,29.968708,41.66254,38.32,Calibration,silt
2273,72.24259,48.722404,60.4825,55.0,Calibration,silt
2274,74.96308,50.24716,62.60512,68.853,Calibration,silt
2275,34.402924,12.898138,23.650532,5.65,Calibration,silt
2276,53.095642,30.76764,41.93164,42.0,Calibration,silt
2277,72.28194,48.341347,60.31164,61.300003,Calibration,silt
2278,60.627575,38.241993,49.434784,40.09,Calibration,silt
2279,42.65498,19.206398,30.930689,35.93,Calibration,silt
2280,85.92931,57.56315,71.74623,68.94,Calibration,silt
2281,28.157402,6.5095215,17.333462,14.860001,Calibration,silt
2282,75.73613,51.469173,63.60265,66.79,Calibration,silt
2283,30.848194,9.497432,20.172813,19.93,Calibration,silt
2284,40.923607,19.575539,30.249573,32.17,Calibration,silt
2285,54.978527,31.720493,43.34951,43.55,Calibration,silt
2286,31.15948,9.726484,20.442982,20.650002,Calibration,silt
2287,65.503624,42.322083,53.912853,57.58,Calibration,silt
2288,38.39374,17.356884,27.875313,23.16,Calibration,silt
2289,29.508085,7.8986835,18.703384,15.449999,Calibration,silt
2290,68.542786,45.18943,56.866108,55.0,Calibration,silt
2291,30.04895,8.8398905,19.44442,12.871287,Calibration,silt
2292,34.52652,11.618769,23.072643,27.58,Calibration,silt
2293,59.153122,37.635788,48.394455,40.0,Calibration,silt
2294,55.71177,32.897682,44.304726,46.190002,Calibration,silt
2295,49.14998,27.708586,38.429283,38.37,Calibration,silt
2296,71.35171,47.788403,59.570057,64.0,Calibration,silt
2297,63.880074,41.21772,52.548897,48.89,Calibration,silt
2298,59.91192,37.532425,48.72217,53.06,Calibration,silt
2299,40.059204,18.577309,29.318256,27.519999,Calibration,silt
2300,68.61874,44.39303,56.505882,61.156002,Calibration,silt
2301,60.823723,37.80069,49.312206,49.780003,Calibration,silt
2302,35.482605,13.979937,24.731272,35.08,Calibration,silt
2303,40.754986,19.516582,30.135784,27.779999,Calibration,silt
2304,62.72418,36.498928,49.611553,50.58,Calibration,silt
2305,67.738785,45.286247,56.512516,54.0,Calibration,silt
2306,44.823845,23.488876,34.15636,38.030003,Calibration,silt
2307,64.22161,41.51422,52.867916,45.23,Calibration,silt
2308,58.821938,36.170677,47.496307,46.439995,Calibration,silt
2309,72.41745,47.07452,59.745983,60.370003,Calibration,silt
2310,90.82628,58.566944,74.69661,80.79,Calibration,silt
2311,59.502754,37.201614,48.352184,50.030003,Calibration,silt
2312,77.07957,52.313988,64.69678,58.0,Calibration,silt
2313,23.939838,3.029294,13.484567,6.3,Calibration,silt
2314,35.825672,14.357589,25.09163,22.99,Calibration,silt
2315,67.27551,44.648552,55.962032,56.0,Calibration,silt
2316,56.02077,34.42886,45.224815,46.6,Calibration,silt
2317,60.39908,38.433342,49.41621,53.46,Calibration,silt
2318,66.27373,43.312813,54.79327,47.79,Calibration,silt
2319,14.714311,-6.5755987,4.069356,0.009999,Calibration,silt
2320,26.939613,5.739005,16.33931,19.72,Calibration,silt
2321,62.6837,40.356895,51.520298,52.0,Calibration,silt
2322,62.42244,39.525986,50.974213,61.670002,Calibration,silt
2323,55.89763,33.29696,44.597294,41.760002,Calibration,silt
2324,80.44188,53.35184,66.89686,66.86,Calibration,silt
2325,55.29853,33.253914,44.276222,42.0,Calibration,silt
2326,68.15799,45.173786,56.66589,54.86,Calibration,silt
2327,88.89883,60.269825,74.58433,69.58,Calibration,silt
2328,69.19266,45.30613,57.249393,70.14,Calibration,silt
2329,75.19759,49.069298,62.133446,65.02,Calibration,silt
2330,71.85954,47.947517,59.90353,62.72,Calibration,silt
2331,59.28266,35.406013,47.344337,57.3,Calibration,silt
2332,71.65792,48.976242,60.31708,60.0,Calibration,silt
2333,87.295845,59.52636,73.4111,80.86,Calibration,silt
2334,74.50155,49.714024,62.107784,65.0,Calibration,silt
2335,14.974411,-6.266245,4.354083,2.92,Calibration,silt
2336,76.61742,52.678513,64.647964,65.72,Calibration,silt
2337,61.08025,38.889233,49.98474,46.0,Calibration,silt
2338,74.11198,49.513836,61.812904,58.510002,Calibration,silt
2339,82.4523,56.37486,69.41358,67.288,Calibration,silt
2340,35.711243,13.646902,24.679071,27.86,Calibration,silt
2341,41.524857,19.995214,30.760035,30.0,Calibration,silt
2342,40.332375,19.17981,29.756092,27.580002,Calibration,silt
2343,81.224625,53.568405,67.396515,72.76,Calibration,silt
2344,36.872265,13.347745,25.110004,34.02,Calibration,silt
2345,53.151688,30.890755,42.02122,33.22,Calibration,silt
2346,68.27581,45.488914,56.882362,54.500004,Calibration,silt
2347,77.53638,52.390656,64.96352,66.79,Calibration,silt
2348,43.320854,21.520441,32.420647,34.4,Calibration,silt
2349,64.45766,42.08793,53.272793,57.0,Calibration,silt
2350,68.48335,44.0825,56.282925,24.41,Calibration,silt
2351,77.335526,48.706783,63.021152,61.97,Calibration,silt
2352,48.223793,27.238533,37.731163,36.750004,Calibration,silt
2353,54.441216,32.5048,43.473007,32.09,Calibration,silt
2354,25.46892,4.2351437,14.852032,13.55,Calibration,silt
2355,55.749893,33.412254,44.581074,43.0,Calibration,silt
2356,49.629795,26.958218,38.294006,38.893,Calibration,silt
2357,52.95902,31.097095,42.028057,36.95,Calibration,silt
2358,64.27382,39.330368,51.802094,54.300003,Calibration,silt
2359,34.59568,13.073207,23.834444,20.439999,Calibration,silt
2360,96.74135,65.27257,81.00696,82.58,Calibration,silt
2361,64.638016,43.187073,53.912544,55.58,Calibration,silt
2362,71.41029,46.144333,58.777313,62.59,Calibration,silt
2363,55.857826,34.4228,45.140312,42.0,Calibration,silt
2364,79.55369,50.513145,65.03342,67.24,Calibration,silt
2365,38.124207,16.741903,27.433054,23.0,Calibration,silt
2366,53.691963,32.226746,42.959354,41.46,Calibration,silt
2367,29.417118,8.334617,18.875868,18.228,Calibration,silt
2368,85.25518,57.343086,71.29913,70.538994,Calibration,silt
2369,72.47622,49.46816,60.97219,59.0,Calibration,silt
2370,26.435848,5.342388,15.889118,13.67,Calibration,silt
2371,33.669994,11.945451,22.807722,23.93,Calibration,silt
2372,62.408154,39.51656,50.962357,57.420006,Calibration,silt
2373,73.95873,50.54936,62.254044,62.58,Calibration,silt
2374,73.762474,49.511127,61.636803,62.65,Calibration,silt
2375,43.190826,21.66401,32.427418,26.02,Calibration,silt
2376,66.58794,44.54077,55.564354,56.0,Calibration,silt
2377,79.31764,47.798264,63.557953,60.297,Calibration,silt
2378,63.177197,40.617695,51.897446,41.84,Calibration,silt
2379,16.227474,-5.524008,5.351733,0.60800004,Calibration,silt
2380,54.627716,32.38082,43.50427,48.04,Calibration,silt
2381,42.8991,21.73233,32.315716,35.27,Calibration,silt
2382,61.576424,38.86911,50.222767,50.09,Calibration,silt
2383,72.577545,48.68689,60.632217,64.0,Calibration,silt
2384,87.72327,60.08693,73.9051,77.01,Calibration,silt
2385,38.348503,15.9269,27.137701,27.93,Calibration,silt
2386,48.753025,26.425121,37.589073,40.79,Calibration,silt
2387,61.58557,39.684296,50.634933,50.0,Calibration,silt
2388,76.94061,53.193787,65.0672,66.65,Calibration,silt
2389,86.54009,56.789146,71.66462,72.51,Calibration,silt
2390,55.942135,34.01005,44.976093,45.44,Calibration,silt
2391,45.155075,23.92289,34.538982,36.0,Calibration,silt
2392,38.5078,17.169308,27.838554,29.97,Calibration,silt
2393,54.92309,32.353374,43.638233,48.953,Calibration,silt
2394,50.628445,28.784328,39.706387,43.44,Calibration,silt
2395,62.9444,40.643513,51.793957,55.0,Calibration,silt
2396,76.79546,51.572094,64.18378,61.160004,Calibration,silt
2397,59.917965,37.483265,48.700615,51.370003,Calibration,silt
2398,72.22265,48.54878,60.38571,58.3,Calibration,silt
2399,52.867504,30.702938,41.78522,43.0,Calibration,silt
2400,47.20704,25.760706,36.48387,34.37,Calibration,silt
2401,81.55061,55.8414,68.69601,74.11,Calibration,silt
2402,53.28324,31.297915,42.290577,45.902996,Calibration,silt
2403,59.74153,37.290672,48.5161,52.53,Calibration,silt
2404,80.329094,54.134468,67.23178,65.84,Calibration,silt
2405,72.41559,48.73036,60.572975,59.0,Calibration,silt
2406,17.719322,-3.322547,7.198388,8.65,Calibration,silt
2407,55.883545,34.217667,45.050606,46.37,Calibration,silt
2408,24.025814,3.2354345,13.630625,16.0,Calibration,silt
2409,57.722034,35.127293,46.424664,48.0,Calibration,silt
2410,30.466957,9.199836,19.833397,14.51,Calibration,silt
2411,72.54961,49.250153,60.89988,61.0,Calibration,silt
0,19.791588,-5.278226,7.2566814,22.489998,Calibration,sand
1,18.030945,-6.5104284,5.7602577,5.209999,Calibration,sand
2,24.905342,0.1495266,12.527434,7.209999,Calibration,sand
3,21.053223,-4.199296,8.426964,0.01,Calibration,sand
4,43.981926,17.710108,30.846016,30.489998,Calibration,sand
5,20.847939,-5.488159,7.6798897,4.209999,Calibration,sand
6,57.609154,31.462532,44.535843,51.56,Calibration,sand
7,36.242302,8.611738,22.42702,31.629997,Calibration,sand
8,29.782784,3.179184,16.480984,19.0,Calibration,sand
9,102.5679,78.93773,90.752815,92.0,Calibration,sand
10,89.3109,64.967285,77.13909,81.42,Calibration,sand
11,60.161236,35.51515,47.838192,53.24,Calibration,sand
12,24.564678,-1.8221521,11.371263,8.349998,Calibration,sand
13,23.80637,-4.206686,9.799842,12.0,Calibration,sand
14,35.337418,9.651392,22.494404,28.0,Calibration,sand
15,101.850464,77.991196,89.92083,90.84,Calibration,sand
16,82.39427,58.205734,70.3,71.42,Calibration,sand
17,22.919449,-2.3832607,10.268094,7.42,Calibration,sand
18,49.182156,23.055225,36.11869,30.61,Calibration,sand
19,26.042385,0.6589594,13.350672,11.349998,Calibration,sand
20,102.579254,78.46416,90.521706,99.21,Calibration,sand
21,69.06741,44.31055,56.688984,58.7,Calibration,sand
22,46.588367,21.172245,33.880306,35.120003,Calibration,sand
23,50.725525,24.144125,37.434826,32.47,Calibration,sand
24,70.17087,45.616173,57.89352,57.98,Calibration,sand
25,101.85847,78.154945,90.00671,96.21,Calibration,sand
26,17.89877,-7.1208324,5.3889685,3.0,Calibration,sand
27,21.42092,-6.3596272,7.530646,7.0,Calibration,sand
28,42.211346,16.731853,29.4716,30.0,Calibration,sand
29,17.905668,-7.3449407,5.2803636,2.0699997,Calibration,sand
30,24.021809,-1.8105536,11.105627,5.209999,Calibration,sand
31,102.93745,79.12115,91.0293,94.28,Calibration,sand
32,21.973015,-5.980321,7.9963465,8.419998,Calibration,sand
33,103.89816,79.36188,91.63002,98.07,Calibration,sand
34,23.8761,-0.63391495,11.621093,11.489998,Calibration,sand
35,45.606373,21.141453,33.373913,34.866997,Calibration,sand
36,53.31022,28.499924,40.90507,38.56,Calibration,sand
37,80.59242,56.009,68.30071,71.0,Calibration,sand
38,31.033857,4.8817844,17.95782,18.0,Calibration,sand
39,102.59547,77.26031,89.92789,99.14,Calibration,sand
40,35.238884,8.180529,21.709705,21.559998,Calibration,sand
41,22.847134,-3.7658358,9.540648,7.0,Calibration,sand
42,36.08673,8.354117,22.220425,30.699997,Calibration,sand
43,23.805893,-8.070949,7.8674717,3.209999,Calibration,sand
44,31.101595,4.87031,17.985952,17.629997,Calibration,sand
45,25.553444,-2.3550463,11.599198,11.0,Calibration,sand
46,27.430836,0.7071161,14.068975,14.0,Calibration,sand
47,26.913004,0.48207474,13.697539,15.0,Calibration,sand
48,39.458267,12.135922,25.797094,29.19,Calibration,sand
49,43.975697,17.728863,30.85228,40.96,Calibration,sand
50,59.817173,35.1663,47.491737,44.63,Calibration,sand
51,29.445297,1.9822426,15.71377,23.489998,Calibration,sand
52,32.083588,5.326483,18.705036,27.77,Calibration,sand
53,21.31646,-3.3461485,8.985155,6.209999,Calibration,sand
54,30.915619,4.4505415,17.68308,22.0,Calibration,sand
55,74.848915,50.271343,62.56013,60.49,Calibration,sand
56,101.05926,77.13293,89.09609,98.313,Calibration,sand
57,43.875618,16.268742,30.07218,34.05,Calibration,sand
58,19.6747,-5.9846244,6.845038,2.0699997,Calibration,sand
59,21.122734,-4.0200825,8.551326,6.209999,Calibration,sand
60,78.11925,53.77176,65.9455,70.35,Calibration,sand
61,19.688976,-7.1066637,6.291156,4.209999,Calibration,sand
62,38.87596,11.715817,25.295889,23.769997,Calibration,sand
63,43.058598,18.91402,30.98631,32.559998,Calibration,sand
64,53.777966,28.663052,41.22051,40.47,Calibration,sand
65,63.692516,39.276516,51.484516,47.84,Calibration,sand
66,32.84629,8.263454,20.554873,19.559998,Calibration,sand
67,71.74374,47.336906,59.54032,67.049995,Calibration,sand
68,31.983467,5.9409246,18.962196,19.0,Calibration,sand
69,34.7182,5.9641438,20.341173,17.559998,Calibration,sand
70,21.797842,-6.926943,7.4354496,4.279999,Calibration,sand
71,18.054358,-6.25176,5.901299,0.314003,Calibration,sand
72,96.83201,72.92393,84.87797,85.0,Calibration,sand
73,36.359318,8.812789,22.586054,24.050003,Calibration,sand
74,22.41664,-5.179785,8.618427,5.737999,Calibration,sand
75,25.890553,-1.57129,12.159632,14.699997,Calibration,sand
76,77.3739,53.42638,65.40014,70.42,Calibration,sand
77,25.661472,-1.3815384,12.139967,13.699997,Calibration,sand
78,64.31234,39.73133,52.021835,58.63,Calibration,sand
79,26.169317,2.0643349,14.116826,12.279999,Calibration,sand
80,77.85837,53.696533,65.77745,68.0,Calibration,sand
81,33.878395,7.1698008,20.524097,19.050003,Calibration,sand
82,55.94234,29.374355,42.658348,43.19,Calibration,sand
83,22.963902,-5.7753687,8.594266,5.209999,Calibration,sand
84,26.143833,1.1524467,13.64814,11.0,Calibration,sand
85,28.22329,2.3457117,15.284501,15.489998,Calibration,sand
86,21.05936,-5.3740034,7.842678,3.14,Calibration,sand
87,22.10987,-3.7327662,9.188552,7.279999,Calibration,sand
88,98.274925,74.044365,86.159645,92.952,Calibration,sand
89,36.131615,10.519068,23.32534,32.629997,Calibration,sand
90,45.744385,20.193527,32.968956,40.17,Calibration,sand
91,27.336748,2.5064278,14.921588,4.7490005,Calibration,sand
92,23.052109,-5.3634644,8.844322,11.0,Calibration,sand
93,39.38494,14.01547,26.700205,22.629997,Calibration,sand
94,27.210659,0.68997574,13.950317,10.489998,Calibration,sand
95,38.21858,13.58606,25.902319,24.419998,Calibration,sand
96,71.89024,47.195454,59.54285,72.049995,Calibration,sand
97,35.168594,10.214777,22.691685,23.629997,Calibration,sand
98,74.19975,49.599327,61.89954,67.049995,Calibration,sand
99,24.249287,-1.7447939,11.252246,10.0,Calibration,sand
100,39.695026,13.971351,26.833189,24.839996,Calibration,sand
101,99.75439,75.85241,87.8034,89.0,Calibration,sand
102,39.34951,13.832207,26.590858,26.0,Calibration,sand
103,26.63557,-0.41954803,13.108011,22.980003,Calibration,sand
104,21.15129,-6.5604277,7.295431,2.1399994,Calibration,sand
105,32.681515,6.6069603,19.644238,22.629997,Calibration,sand
106,27.929882,3.4503012,15.690091,20.0,Calibration,sand
107,102.31829,78.6058,90.46204,97.868,Calibration,sand
108,84.70224,60.953613,72.82793,71.49,Calibration,sand
109,17.295166,-7.4033556,4.9459057,2.0699997,Calibration,sand
110,33.907303,7.0861397,20.496721,20.839996,Calibration,sand
111,65.448326,40.50853,52.978428,49.91,Calibration,sand
112,77.666046,52.795883,65.230965,61.28,Calibration,sand
113,34.55979,6.838911,20.699352,17.163002,Calibration,sand
114,31.04655,2.7766342,16.911592,17.769997,Calibration,sand
115,20.741795,-4.8825946,7.9296002,7.209999,Calibration,sand
116,28.240902,3.7370481,15.988975,12.489998,Calibration,sand
117,20.414516,-6.6460667,6.884225,4.209999,Calibration,sand
118,28.151943,-0.16825104,13.991846,9.419998,Calibration,sand
119,25.031977,-1.5731201,11.729428,15.0,Calibration,sand
120,30.140701,3.7196016,16.930151,23.769997,Calibration,sand
121,28.475605,2.5111523,15.493379,17.0,Calibration,sand
122,74.01665,49.636787,61.826717,63.4,Calibration,sand
123,23.63743,-3.3741322,10.131649,9.0,Calibration,sand
124,24.739285,-2.5597248,11.08978,10.42,Calibration,sand
125,39.017776,12.766173,25.891975,30.489998,Calibration,sand
126,17.746769,-7.7321005,5.0073338,0.01,Calibration,sand
127,54.120323,29.36663,41.743477,50.82,Calibration,sand
128,37.065437,11.237406,24.15142,26.980003,Calibration,sand
129,30.660393,4.1206617,17.390528,18.0,Calibration,sand
130,24.160767,-3.4995413,10.330613,8.0,Calibration,sand
131,19.698975,-5.8031187,6.9479275,5.28,Calibration,sand
132,45.661102,19.462778,32.56194,35.910004,Calibration,sand
133,51.391556,26.483978,38.937767,44.63,Calibration,sand
134,26.339073,1.1036673,13.721371,12.349998,Calibration,sand
135,29.990377,3.4389782,16.714678,14.0,Calibration,sand
136,57.97568,32.45241,45.214046,45.24,Calibration,sand
137,19.65333,-6.4062,6.623565,8.349998,Calibration,sand
138,19.851261,-5.9787073,6.9362774,4.1399994,Calibration,sand
139,56.66727,30.58179,43.62453,40.54,Calibration,sand
140,23.012653,-3.3545074,9.829073,8.0,Calibration,sand
141,58.36727,33.39482,45.881046,45.0,Calibration,sand
142,65.23891,40.239086,52.739,53.77,Calibration,sand
143,89.418236,65.37914,77.39869,73.0,Calibration,sand
144,34.528152,7.853095,21.190624,24.769997,Calibration,sand
145,73.73732,48.852512,61.294918,58.21,Calibration,sand
146,25.047054,-2.5864115,11.230322,10.4229965,Calibration,sand
147,62.479782,37.637848,50.058815,55.56,Calibration,sand
148,35.397327,8.738735,22.068031,29.419998,Calibration,sand
149,28.55569,3.3904877,15.973089,15.0,Calibration,sand
150,98.82539,74.90759,86.86649,95.42,Calibration,sand
151,56.430126,31.212246,43.821186,62.0,Calibration,sand
152,22.348923,-4.686369,8.831277,5.209999,Calibration,sand
153,47.617313,22.87556,35.246437,34.0,Calibration,sand
154,46.16636,21.633863,33.900112,47.14,Calibration,sand
155,27.685226,2.831376,15.258301,12.192001,Calibration,sand
156,58.910614,33.910088,46.41035,40.77,Calibration,sand
157,20.133766,-4.6547103,7.739528,4.209999,Calibration,sand
158,17.953869,-7.516221,5.2188244,1.0699997,Calibration,sand
159,40.944347,15.811047,28.377697,27.0,Calibration,sand
160,19.706738,-6.3688993,6.6689186,3.07,Calibration,sand
161,34.369034,7.9178267,21.14343,28.559998,Calibration,sand
162,44.920876,19.475624,32.19825,32.0,Calibration,sand
163,29.066494,3.9278488,16.497171,25.63,Calibration,sand
164,48.554325,23.305256,35.92979,40.7,Calibration,sand
165,46.891056,21.856739,34.373898,38.05,Calibration,sand
166,34.688686,7.576584,21.132635,33.910004,Calibration,sand
167,66.15421,40.02812,53.091164,55.21,Calibration,sand
168,33.004345,7.1697626,20.087053,19.910004,Calibration,sand
169,23.485233,-6.2876368,8.598798,8.419998,Calibration,sand
170,37.588036,11.082635,24.335335,19.910004,Calibration,sand
171,27.020603,-1.8426533,12.588975,16.839996,Calibration,sand
172,39.625282,14.003985,26.814634,34.33,Calibration,sand
173,24.761724,-1.9427547,11.409485,9.49,Calibration,sand
174,21.007465,-4.100271,8.453597,7.279999,Calibration,sand
175,31.704895,5.7148485,18.709871,22.0,Calibration,sand
176,26.904846,0.21790981,13.5613785,16.56,Calibration,sand
177,24.169857,-4.340657,9.914599,5.279999,Calibration,sand
178,37.23305,10.848758,24.040905,25.349998,Calibration,sand
179,25.089706,-2.7244873,11.18261,3.1399994,Calibration,sand
180,42.66292,17.456356,30.059639,23.769997,Calibration,sand
181,44.995667,19.576576,32.28612,31.0,Calibration,sand
182,30.471867,3.006484,16.739176,11.509003,Calibration,sand
183,31.64077,5.6120234,18.626396,20.769997,Calibration,sand
184,21.587582,-3.2843504,9.151615,7.279999,Calibration,sand
185,24.672632,-3.3345928,10.66902,9.559998,Calibration,sand
186,25.653992,-3.7223854,10.965803,8.489998,Calibration,sand
187,85.73113,61.87345,73.80229,73.759,Calibration,sand
188,38.47597,9.293956,23.884964,23.559998,Calibration,sand
189,17.11147,-7.159251,4.9761086,0.01,Calibration,sand
190,67.772255,43.091316,55.431786,56.91,Calibration,sand
191,18.805096,-5.899448,6.452824,5.1399994,Calibration,sand
192,31.550674,5.7846174,18.667646,16.419998,Calibration,sand
193,24.919895,-2.3740654,11.272915,10.56,Calibration,sand
194,95.78808,70.94973,83.368904,80.0,Calibration,sand
195,21.441677,-6.483438,7.47912,5.1399994,Calibration,sand
196,66.48058,41.591827,54.036205,33.699997,Calibration,sand
197,19.99412,-6.1196346,6.9372425,1.0699997,Calibration,sand
198,23.224453,-5.8093185,8.707567,4.0,Calibration,sand
199,25.254345,-2.851735,11.201305,8.724998,Calibration,sand
200,31.483536,5.64211,18.562822,22.0,Calibration,sand
201,67.351456,42.668243,55.00985,51.49,Calibration,sand
202,18.69924,-5.933306,6.3829665,2.0699997,Calibration,sand
203,64.37563,39.494774,51.935204,57.63,Calibration,sand
204,19.95318,-7.59895,6.177115,4.1399994,Calibration,sand
205,28.281368,1.3677149,14.824542,19.0,Calibration,sand
206,43.224903,17.990429,30.607666,26.839996,Calibration,sand
207,18.388735,-6.332647,6.028044,5.209999,Calibration,sand
208,21.884865,-3.6756926,9.104587,15.489998,Calibration,sand
209,58.16965,33.27766,45.723656,52.8,Calibration,sand
210,27.428066,1.9938307,14.710949,22.769997,Calibration,sand
211,36.293465,11.700762,23.997112,15.349998,Calibration,sand
212,23.399353,-4.4695044,9.464925,9.153,Calibration,sand
213,23.535252,-4.243842,9.645705,9.559998,Calibration,sand
214,99.09245,75.49628,87.294365,91.35,Calibration,sand
215,33.084576,7.9569235,20.52075,16.0,Calibration,sand
216,39.508423,13.8770075,26.692715,27.05,Calibration,sand
217,69.10461,44.867832,56.98622,66.0,Calibration,sand
218,40.955746,16.14516,28.550453,24.769997,Calibration,sand
219,58.888824,33.238586,46.063705,48.89,Calibration,sand
220,101.88018,77.553154,89.71667,88.0,Calibration,sand
221,48.80644,22.888393,35.847416,35.050003,Calibration,sand
222,25.822933,-0.6387539,12.59209,14.262001,Calibration,sand
223,103.05555,78.1336,90.594574,99.98,Calibration,sand
224,37.29725,11.180586,24.238916,20.0,Calibration,sand
225,22.087727,-2.936284,9.575722,9.209999,Calibration,sand
226,17.30985,-7.518374,4.895738,0.01,Calibration,sand
227,93.59909,69.95711,81.7781,91.08911,Calibration,sand
228,30.71492,2.2715864,16.493254,17.769997,Calibration,sand
229,30.71035,5.0930815,17.901716,11.559998,Calibration,sand
230,69.2635,44.77418,57.018837,61.49,Calibration,sand
231,29.315142,2.8312664,16.073204,13.63,Calibration,sand
232,51.46074,26.375572,38.918156,44.56,Calibration,sand
233,80.18207,56.281628,68.23185,67.840004,Calibration,sand
234,27.1679,0.90676975,14.037335,15.0,Calibration,sand
235,75.234665,47.894592,61.56463,62.19,Calibration,sand
236,39.296204,13.374228,26.335215,28.260002,Calibration,sand
237,93.40899,69.76844,81.588715,89.0,Calibration,sand
238,23.323591,-8.540016,7.3917875,2.0699997,Calibration,sand
239,33.39441,6.776291,20.08535,20.769997,Calibration,sand
240,74.893616,50.81033,62.851974,65.0,Calibration,sand
241,25.17302,-2.6103659,11.281327,11.0,Calibration,sand
242,17.760923,-6.7080197,5.5264516,0.01,Calibration,sand
243,58.608467,34.28219,46.445328,53.0,Calibration,sand
244,28.27671,2.0069494,15.1418295,16.699997,Calibration,sand
245,28.349548,1.103857,14.726703,18.0,Calibration,sand
246,67.75258,43.099167,55.425873,53.12,Calibration,sand
247,18.885403,-5.6945667,6.595418,3.0699997,Calibration,sand
248,42.193584,17.913204,30.053394,24.489998,Calibration,sand
249,36.352577,9.693968,23.023272,18.980003,Calibration,sand
250,89.47247,65.732056,77.602264,87.7,Calibration,sand
251,28.158422,0.9234619,14.540942,8.226997,Calibration,sand
252,88.66537,63.596,76.130684,79.19,Calibration,sand
253,25.511747,0.8771801,13.194464,11.419998,Calibration,sand
254,92.939285,67.39429,80.16679,88.14,Calibration,sand
255,48.359295,21.639698,34.999496,38.272,Calibration,sand
256,99.60978,75.8738,87.74179,89.0,Calibration,sand
257,84.745094,60.55326,72.64918,72.0,Calibration,sand
258,32.59308,6.8777246,19.735401,24.0,Calibration,sand
259,21.847748,-6.102514,7.8726172,4.209999,Calibration,sand
260,63.014725,38.63884,50.826782,49.98,Calibration,sand
261,77.97793,53.16311,65.57052,64.119995,Calibration,sand
262,96.00311,72.14502,84.074066,93.49,Calibration,sand
263,27.400532,0.45861435,13.929573,12.0,Calibration,sand
264,43.855988,18.697128,31.276558,26.91,Calibration,sand
265,41.56993,16.493525,29.031729,29.68,Calibration,sand
266,23.814188,-6.5398846,8.637152,6.279999,Calibration,sand
267,29.580154,2.1770926,15.878623,11.629997,Calibration,sand
268,59.140057,34.89481,47.017433,46.7,Calibration,sand
269,68.316826,43.246506,55.781666,50.91,Calibration,sand
270,21.511292,-3.8077326,8.851779,2.0,Calibration,sand
271,21.129494,-7.201166,6.964164,1.0699997,Calibration,sand
272,54.11924,29.238983,41.67911,44.1,Calibration,sand
273,50.77951,25.728048,38.25378,42.0,Calibration,sand
274,71.351265,46.8669,59.109085,62.77,Calibration,sand
275,47.757034,22.487747,35.12239,29.699997,Calibration,sand
276,20.501999,-7.4754167,6.513291,5.443001,Calibration,sand
277,34.1211,8.556559,21.338829,22.0,Calibration,sand
278,18.524288,-5.947421,6.288433,5.1399994,Calibration,sand
279,68.44956,43.514175,55.98187,65.14,Calibration,sand
280,25.909462,1.5921392,13.750801,16.285004,Calibration,sand
281,42.857872,17.395351,30.126612,34.75,Calibration,sand
282,42.131676,16.669315,29.400496,33.050003,Calibration,sand
283,21.522692,-3.202608,9.160042,14.279999,Calibration,sand
284,53.107235,26.936687,40.02196,40.84,Calibration,sand
285,21.194054,-5.8624797,7.665787,2.0699997,Calibration,sand
286,27.809975,1.4797869,14.64488,14.0,Calibration,sand
287,21.096054,-8.150425,6.4728146,4.209999,Calibration,sand
288,21.911266,-4.479454,8.715906,7.0,Calibration,sand
289,60.13327,35.19082,47.662045,55.07,Calibration,sand
290,53.292614,28.474628,40.88362,40.63,Calibration,sand
291,21.879095,-4.1942215,8.842437,7.1399994,Calibration,sand
292,29.797825,3.6713362,16.734581,16.0,Calibration,sand
293,40.463524,14.432962,27.448242,30.84,Calibration,sand
294,36.166405,10.575798,23.371101,23.559998,Calibration,sand
295,19.410921,-7.3189692,6.045976,0.01,Calibration,sand
296,45.37279,18.63676,32.004776,30.0,Calibration,sand
297,68.54321,43.767017,56.155117,56.0,Calibration,sand
298,42.467407,17.102064,29.784737,24.699997,Calibration,sand
299,34.1904,8.59165,21.391024,17.419998,Calibration,sand
300,53.957184,29.676262,41.816723,34.7,Calibration,sand
301,30.342663,4.258666,17.300665,15.0,Calibration,sand
302,75.33039,50.996483,63.163437,63.19,Calibration,sand
303,79.68926,54.895504,67.29238,72.770004,Calibration,sand
304,28.682323,2.5479593,15.615142,14.84,Calibration,sand
305,33.26097,8.015341,20.638155,24.629997,Calibration,sand
306,26.399925,1.4525595,13.926243,11.419998,Calibration,sand
307,60.22046,35.50293,47.861694,46.77,Calibration,sand
308,43.366486,18.115934,30.74121,30.14,Calibration,sand
309,53.090027,27.861069,40.475548,43.05,Calibration,sand
310,22.559666,-5.0562334,8.751716,9.487999,Calibration,sand
311,17.059782,-7.534184,4.762799,1.0699997,Calibration,sand
312,71.92227,47.28864,59.605457,78.0,Calibration,sand
313,17.181692,-7.593956,4.793868,3.1399994,Calibration,sand
314,36.31756,11.270878,23.794218,17.419998,Calibration,sand
315,21.68612,-5.665058,8.01053,7.0,Calibration,sand
316,93.05818,68.24547,80.651825,90.0,Calibration,sand
317,18.791527,-6.797757,5.9968843,3.3679962,Calibration,sand
318,39.547966,12.56929,26.058628,37.63,Calibration,sand
319,44.774754,18.666576,31.720665,45.0,Calibration,sand
320,55.066853,30.070728,42.56879,42.19,Calibration,sand
321,28.410442,-0.2654829,14.072479,12.279999,Calibration,sand
322,24.989082,-1.8245363,11.582273,8.0,Calibration,sand
323,44.50495,19.706774,32.10586,32.0,Calibration,sand
324,30.54609,5.076256,17.811172,18.0,Calibration,sand
325,17.741554,-6.8991404,5.4212065,0.01,Calibration,sand
326,24.370525,-1.634635,11.367946,5.279999,Calibration,sand
327,20.96444,-7.0799837,6.9422283,4.0699997,Calibration,sand
328,43.738014,18.006474,30.872244,33.61,Calibration,sand
329,21.646894,-5.5224037,8.062245,4.209999,Calibration,sand
330,88.07531,62.963787,75.51955,78.61,Calibration,sand
331,37.60522,11.862441,24.733831,26.559998,Calibration,sand
332,32.154934,5.9554214,19.055178,19.0,Calibration,sand
333,55.470306,30.940928,43.205616,40.98,Calibration,sand
334,33.22642,7.9876413,20.60703,16.629997,Calibration,sand
335,86.45993,62.030727,74.24533,72.49,Calibration,sand
336,53.057617,29.116112,41.086864,38.63,Calibration,sand
337,57.41523,32.04355,44.72939,46.0,Calibration,sand
338,24.500614,-3.7611341,10.36974,14.501999,Calibration,sand
339,53.373024,26.093256,39.73314,46.56,Calibration,sand
340,17.522495,-6.854722,5.333887,0.01,Calibration,sand
341,31.43185,4.61298,18.022415,22.699997,Calibration,sand
342,28.362637,3.2150717,15.788854,12.279999,Calibration,sand
343,21.40625,-5.1716356,8.117307,1.0699997,Calibration,sand
344,35.40769,10.339001,22.873344,22.0,Calibration,sand
345,56.71145,32.807373,44.75941,36.7,Calibration,sand
346,24.238083,-3.286027,10.4760275,9.053001,Calibration,sand
347,92.86953,68.96734,80.918434,83.35,Calibration,sand
348,22.902029,-3.699089,9.60147,10.489998,Calibration,sand
349,36.247528,8.76794,22.507734,22.120003,Calibration,sand
350,45.920612,21.314266,33.61744,31.962997,Calibration,sand
351,22.38455,-2.7205372,9.832006,5.544998,Calibration,sand
352,96.33995,72.63017,84.48506,83.770004,Calibration,sand
353,90.93195,67.11651,79.02423,82.0,Calibration,sand
354,35.0046,9.442409,22.223505,20.559998,Calibration,sand
355,43.10515,18.868662,30.986906,30.489998,Calibration,sand
356,31.83958,5.307728,18.573654,23.489998,Calibration,sand
357,28.69395,4.296837,16.495394,18.489998,Calibration,sand
358,17.808195,-7.995774,4.9062104,2.2839966,Calibration,sand
359,51.336334,26.652267,38.9943,40.7,Calibration,sand
360,47.927776,21.976498,34.952137,30.910004,Calibration,sand
361,51.67063,25.951729,38.81118,40.7,Calibration,sand
362,21.73959,-4.8057795,8.466906,7.279999,Calibration,sand
363,47.563942,22.344345,34.954144,36.91,Calibration,sand
364,20.0112,-5.8121777,7.099511,3.0699997,Calibration,sand
365,25.954327,-0.5657921,12.694267,12.0,Calibration,sand
366,70.08744,45.308216,57.697826,63.56,Calibration,sand
367,34.24564,8.830727,21.538183,25.0,Calibration,sand
368,23.796852,-3.2863512,10.25525,6.21,Calibration,sand
369,99.5503,75.856316,87.70331,94.264,Calibration,sand
370,28.396318,1.4596386,14.9279785,16.0,Calibration,sand
371,29.438808,2.7658854,16.102346,14.0,Calibration,sand
372,31.74961,7.0811663,19.415388,17.489998,Calibration,sand
373,26.319073,0.21279621,13.265934,10.567001,Calibration,sand
374,19.440826,-5.1348352,7.152995,5.3499985,Calibration,sand
375,20.089783,-5.6924715,7.198656,4.209999,Calibration,sand
376,85.81899,61.75924,73.789116,74.42,Calibration,sand
377,34.227524,7.638754,20.933138,18.769997,Calibration,sand
378,70.392105,45.32086,57.856483,58.77,Calibration,sand
379,36.486004,10.075761,23.280882,16.769997,Calibration,sand
380,42.33986,16.943827,29.641844,30.12,Calibration,sand
381,66.80672,42.736893,54.771805,56.28,Calibration,sand
382,36.159573,9.631562,22.895567,25.699997,Calibration,sand
383,20.533455,-5.5644393,7.484508,2.07,Calibration,sand
384,38.117287,12.622259,25.369774,22.489998,Calibration,sand
385,77.13422,53.31168,65.222946,71.0,Calibration,sand
386,49.887592,24.740108,37.31385,33.190002,Calibration,sand
387,50.939983,25.973995,38.45699,35.42,Calibration,sand
388,46.11097,20.258566,33.18477,31.910004,Calibration,sand
389,21.071545,-8.410447,6.3305492,4.1399994,Calibration,sand
390,27.949844,1.3828974,14.66637,18.910004,Calibration,sand
391,24.936407,-0.3942871,12.27106,9.419998,Calibration,sand
392,31.51347,5.2341347,18.373802,19.0,Calibration,sand
393,94.39805,70.03225,82.21515,90.49,Calibration,sand
394,20.291046,-5.798665,7.24619,9.139999,Calibration,sand
395,78.3215,54.05495,66.188225,66.75,Calibration,sand
396,27.496002,2.9531164,15.22456,14.559998,Calibration,sand
397,63.98008,39.55591,51.767994,59.0,Calibration,sand
398,22.64439,-1.2223101,10.7110405,8.279999,Calibration,sand
399,21.64062,-5.45685,8.091885,5.279999,Calibration,sand
400,35.048832,8.350635,21.699734,26.21,Calibration,sand
401,98.51804,74.652855,86.58545,90.56,Calibration,sand
402,64.969666,40.4413,52.705482,58.585857,Calibration,sand
403,95.11438,71.03447,83.074425,84.317,Calibration,sand
404,30.834484,4.7867613,17.810623,26.629997,Calibration,sand
405,28.441265,0.3939047,14.417585,14.839996,Calibration,sand
406,65.4245,40.363377,52.89394,54.838,Calibration,sand
407,32.072548,5.6244364,18.848492,14.0,Calibration,sand
408,20.337713,-7.636069,6.350822,5.209999,Calibration,sand
409,47.37593,22.566643,34.971287,44.47,Calibration,sand
410,33.474422,8.872235,21.173328,17.419998,Calibration,sand
411,91.46582,67.58775,79.52679,90.56,Calibration,sand
412,50.862694,25.443327,38.15301,43.0,Calibration,sand
413,36.34646,9.51499,22.930723,21.769997,Calibration,sand
414,39.675365,14.094117,26.88474,29.0,Calibration,sand
415,41.759953,16.731941,29.245947,30.0,Calibration,sand
416,31.335377,5.7675285,18.551453,17.0,Calibration,sand
417,40.59589,15.477828,28.03686,22.0,Calibration,sand
418,72.02216,47.584557,59.80336,60.84,Calibration,sand
419,51.5948,27.212261,39.40353,37.91,Calibration,sand
420,54.410725,29.629597,42.02016,35.77,Calibration,sand
421,25.385979,-2.4050684,11.490456,14.349998,Calibration,sand
422,33.327023,7.1677094,20.247366,15.0,Calibration,sand
423,23.679146,-1.0447016,11.317222,4.1399994,Calibration,sand
424,17.248596,-7.1714525,5.0385723,2.0,Calibration,sand
425,31.303818,4.889248,18.096533,20.0,Calibration,sand
426,44.692913,18.98243,31.837671,34.12,Calibration,sand
427,50.492786,24.389118,37.440952,42.12,Calibration,sand
428,35.96698,10.992788,23.479883,26.349998,Calibration,sand
429,35.439434,9.483604,22.46152,24.699997,Calibration,sand
430,31.123411,4.86228,17.992846,21.839996,Calibration,sand
431,36.986946,11.054754,24.02085,24.419998,Calibration,sand
432,72.5131,48.161568,60.337334,56.0,Calibration,sand
433,41.307987,15.102281,28.205133,31.839996,Calibration,sand
434,26.7359,-0.80553627,12.965182,9.140999,Calibration,sand
435,20.737614,-5.211419,7.763098,7.279999,Calibration,sand
436,27.850887,2.3295784,15.090233,12.349998,Calibration,sand
437,16.789843,-7.501327,4.644258,0.01,Calibration,sand
438,32.411217,5.425802,18.918509,31.419998,Calibration,sand
439,25.009409,-1.0401192,11.984645,12.629997,Calibration,sand
440,30.469927,5.8918934,18.18091,28.699997,Calibration,sand
441,45.91324,19.383066,32.64815,41.4,Calibration,sand
442,54.284542,28.480457,41.3825,44.56,Calibration,sand
443,29.90356,5.0530233,17.478292,15.489998,Calibration,sand
444,77.87658,53.864323,65.87045,69.700005,Calibration,sand
445,22.040545,-5.001671,8.519437,6.0,Calibration,sand
446,100.877144,77.14715,89.012146,92.536,Calibration,sand
447,41.731907,15.110729,28.421318,30.489998,Calibration,sand
448,92.81276,68.856445,80.8346,74.56,Calibration,sand
449,24.100254,-0.9355192,11.582368,10.279999,Calibration,sand
450,25.101124,-2.0684252,11.516349,14.559998,Calibration,sand
451,72.54428,48.33937,60.441826,63.35,Calibration,sand
452,30.686035,3.4874268,17.086731,15.839996,Calibration,sand
453,22.869133,-3.7395973,9.564768,13.419998,Calibration,sand
454,22.759571,-4.122485,9.318543,5.209999,Calibration,sand
455,24.706215,-0.44855976,12.128828,16.279999,Calibration,sand
456,23.16726,-4.037427,9.564917,7.0,Calibration,sand
457,61.091354,35.80716,48.449257,48.33,Calibration,sand
458,21.829676,-4.3909054,8.719385,4.2959976,Calibration,sand
459,78.01285,53.706364,65.859604,88.35,Calibration,sand
460,89.22138,64.76533,76.993355,77.35,Calibration,sand
461,17.218126,-7.3167644,4.950681,0.01,Calibration,sand
462,22.580181,-5.107463,8.736359,7.0,Calibration,sand
463,86.17438,61.849808,74.01209,91.21,Calibration,sand
464,20.537914,-4.8920674,7.822923,7.0,Calibration,sand
465,27.362001,-2.7518063,12.305098,6.279999,Calibration,sand
466,30.125984,3.5169497,16.821466,14.769997,Calibration,sand
467,25.690144,0.63379383,13.161968,8.07,Calibration,sand
468,25.085846,-1.5359077,11.774969,18.699997,Calibration,sand
469,55.83525,30.684639,43.259945,46.89,Calibration,sand
470,53.526295,28.10941,40.817852,33.699997,Calibration,sand
471,59.823227,35.15425,47.48874,51.77,Calibration,sand
472,25.057194,1.0363817,13.046788,10.349998,Calibration,sand
473,22.831572,-4.20261,9.314481,6.078003,Calibration,sand
474,23.407696,-4.6142435,9.396727,11.625,Calibration,sand
475,54.503223,29.714756,42.10899,47.56,Calibration,sand
476,76.72208,52.495663,64.60887,71.63,Calibration,sand
477,31.124828,4.5219736,17.8234,19.0,Calibration,sand
478,82.297844,58.33634,70.31709,72.28,Calibration,sand
479,43.86815,18.394596,31.131372,35.769997,Calibration,sand
480,24.000305,-4.1280985,9.936103,9.0,Calibration,sand
481,64.59482,40.008522,52.30167,50.21,Calibration,sand
482,61.842186,37.00962,49.425903,59.91,Calibration,sand
483,36.428932,11.303744,23.866339,23.587997,Calibration,sand
484,25.865591,0.09462547,12.980108,11.0,Calibration,sand
485,18.349806,-6.8426456,5.75358,0.01,Calibration,sand
486,29.971813,4.1620703,17.066942,17.419998,Calibration,sand
487,53.193005,28.604206,40.898605,46.26,Calibration,sand
488,87.74905,63.326576,75.53781,74.49,Calibration,sand
489,78.76844,55.42441,67.09643,63.77,Calibration,sand
490,30.530651,4.4576454,17.494148,16.0,Calibration,sand
491,22.861141,-4.8522005,9.00447,11.56,Calibration,sand
492,42.27223,15.946599,29.109413,28.19,Calibration,sand
493,29.961353,5.5304604,17.745907,15.489998,Calibration,sand
494,99.59565,75.77535,87.6855,93.49,Calibration,sand
495,47.579716,21.441616,34.510666,42.75,Calibration,sand
496,23.172613,-9.5823345,6.7951393,0.01,Calibration,sand
497,53.24385,28.624163,40.934006,40.98,Calibration,sand
498,38.90764,12.487181,25.69741,22.910004,Calibration,sand
499,37.713642,12.16898,24.94131,24.349998,Calibration,sand
500,39.23977,13.146878,26.193323,25.120003,Calibration,sand
501,22.759195,-4.867983,8.945606,5.1399994,Calibration,sand
502,42.097725,16.353184,29.225454,33.33,Calibration,sand
503,97.22955,73.59482,85.412186,88.0,Calibration,sand
504,72.92496,49.467934,61.196445,60.7,Calibration,sand
505,25.356838,-3.3883696,10.984235,2.1399994,Calibration,sand
506,95.586494,71.45487,83.52068,89.35,Calibration,sand
507,80.75101,56.94931,68.85016,70.35,Calibration,sand
508,33.03562,5.9833307,19.509476,22.120003,Calibration,sand
509,20.86526,-7.009072,6.9280934,3.1399994,Calibration,sand
510,18.670837,-7.7311697,5.4698334,1.0699997,Calibration,sand
511,93.70416,70.22543,81.9648,88.0,Calibration,sand
512,56.024994,30.817476,43.421234,42.12,Calibration,sand
513,31.236444,5.871355,18.5539,19.699997,Calibration,sand
514,59.25594,34.530857,46.8934,42.98,Calibration,sand
515,73.7861,49.65706,61.72158,60.05,Calibration,sand
516,31.383793,7.2282286,19.306011,14.419998,Calibration,sand
517,26.70177,1.3978815,14.049827,17.559998,Calibration,sand
518,65.46049,41.472267,53.466377,66.21,Calibration,sand
519,38.378597,14.156669,26.267633,20.629997,Calibration,sand
520,94.61052,70.91385,82.762184,92.0,Calibration,sand
521,27.073215,0.29178333,13.6825,15.0,Calibration,sand
522,70.93472,46.43537,58.685047,62.63,Calibration,sand
523,99.555466,75.74428,87.64987,94.156,Calibration,sand
524,100.652855,77.205315,88.929085,91.35,Calibration,sand
525,52.954906,28.013409,40.484158,51.91,Calibration,sand
526,34.375492,8.251353,21.313423,19.910004,Calibration,sand
527,24.370941,-3.7748957,10.298023,2.0699997,Calibration,sand
528,45.748028,18.1894,31.968714,38.96,Calibration,sand
529,32.13916,6.5029907,19.321075,18.559998,Calibration,sand
530,26.662155,-1.5788364,12.541659,17.050003,Calibration,sand
531,34.753265,8.18355,21.468409,31.330002,Calibration,sand
532,28.74638,1.4130068,15.079693,13.629997,Calibration,sand
533,83.561386,59.424133,71.49276,91.35,Calibration,sand
534,49.80389,23.964771,36.88433,39.63,Calibration,sand
535,53.501984,27.525087,40.513535,42.54,Calibration,sand
536,66.59162,41.366062,53.978844,49.19,Calibration,sand
537,86.2902,60.455635,73.37292,73.21,Calibration,sand
538,22.43433,-3.267622,9.583354,7.279999,Calibration,sand
539,90.47984,66.51076,78.4953,80.56,Calibration,sand
540,29.873558,3.9480066,16.910782,9.63,Calibration,sand
541,28.032999,1.6558952,14.844447,19.0,Calibration,sand
542,29.02908,2.5917807,15.81043,17.0,Calibration,sand
543,25.679325,-1.3743448,12.152491,16.769997,Calibration,sand
544,21.966589,-6.1206717,7.922959,7.0,Calibration,sand
545,71.10088,46.16551,58.633194,61.0,Calibration,sand
546,22.180504,-4.8231726,8.678666,4.8170013,Calibration,sand
547,52.518898,27.012995,39.765945,45.49,Calibration,sand
548,31.210339,4.775182,17.99276,13.489998,Calibration,sand
549,42.833374,17.789955,30.311665,30.419998,Calibration,sand
550,22.308826,-5.0061197,8.651354,9.8619995,Calibration,sand
551,38.629326,12.358,25.493664,24.559998,Calibration,sand
552,20.915848,-6.4798965,7.2179756,4.279999,Calibration,sand
553,22.092735,-2.0676956,10.01252,5.984001,Calibration,sand
554,19.14067,-6.4433346,6.348668,0.01,Calibration,sand
555,24.958384,-1.9350739,11.511655,13.0,Calibration,sand
556,28.014069,0.8450718,14.42957,16.0,Calibration,sand
557,23.095547,-6.076092,8.5097275,3.0,Calibration,sand
558,96.89864,73.20899,85.05382,94.747,Calibration,sand
559,46.358418,21.080334,33.719376,35.61,Calibration,sand
560,21.699821,-3.2306986,9.234562,6.209999,Calibration,sand
561,80.809525,56.90233,68.85593,71.42,Calibration,sand
562,37.18542,11.927406,24.556414,15.419998,Calibration,sand
563,23.75747,-3.6242018,10.066634,6.419998,Calibration,sand
564,100.75359,76.79128,88.77244,97.42,Calibration,sand
565,30.238056,4.05412,17.146088,21.0,Calibration,sand
566,87.43822,63.39889,75.41856,83.28,Calibration,sand
567,36.953533,8.21988,22.586706,21.489998,Calibration,sand
568,43.294987,17.065971,30.18048,32.42,Calibration,sand
569,29.227795,4.405697,16.816746,14.139999,Calibration,sand
570,18.998981,-7.37423,5.8123755,5.209999,Calibration,sand
571,43.970993,18.833525,31.40226,23.050003,Calibration,sand
572,99.397194,74.04337,86.72028,91.0,Calibration,sand
573,104.02841,79.424866,91.72664,97.14,Calibration,sand
574,71.88509,47.951096,59.918095,58.28,Calibration,sand
575,69.06734,43.812153,56.439743,61.03,Calibration,sand
576,37.159695,10.851331,24.005512,30.839996,Calibration,sand
577,31.656792,5.286995,18.471893,24.0,Calibration,sand
578,43.089684,17.530622,30.310154,30.050003,Calibration,sand
579,19.906048,-6.829365,6.5383415,3.0,Calibration,sand
580,25.960861,-4.1001453,10.930358,10.489998,Calibration,sand
581,80.14411,55.118263,67.63119,71.049995,Calibration,sand
582,21.570482,-3.5718327,8.999325,4.0,Calibration,sand
583,27.114502,2.5012589,14.80788,19.0,Calibration,sand
584,23.88805,-0.46003723,11.714006,11.419998,Calibration,sand
585,88.61839,64.342606,76.4805,79.35,Calibration,sand
586,49.33188,23.144432,36.238155,35.839996,Calibration,sand
587,24.999,-2.2321444,11.383429,18.489998,Calibration,sand
588,36.301323,10.933646,23.617485,25.0,Calibration,sand
589,44.258694,17.49044,30.874567,39.002,Calibration,sand
590,24.135557,-3.08494,10.525309,10.0,Calibration,sand
591,41.673744,16.52249,29.098116,30.769997,Calibration,sand
592,100.762115,76.86063,88.81137,93.35,Calibration,sand
593,27.347628,1.5833912,14.465509,15.699997,Calibration,sand
594,53.902298,27.098173,40.500237,36.77,Calibration,sand
595,47.777588,22.323172,35.05038,40.28,Calibration,sand
596,18.138056,-7.3900914,5.373982,2.0699997,Calibration,sand
597,50.750183,25.715439,38.23281,35.0,Calibration,sand
598,21.970465,-4.504591,8.732937,5.1399994,Calibration,sand
599,32.52312,6.94738,19.73525,25.490997,Calibration,sand
600,23.460968,-3.985549,9.737709,9.419998,Calibration,sand
601,42.29092,16.738762,29.514841,29.980003,Calibration,sand
602,50.660618,25.924854,38.292736,43.56,Calibration,sand
603,62.22798,37.23696,49.73247,44.82,Calibration,sand
604,26.015999,-1.251502,12.382249,18.0,Calibration,sand
605,89.22114,65.05343,77.13728,82.840004,Calibration,sand
606,20.291035,-4.9602976,7.665369,6.28,Calibration,sand
607,49.447624,23.790955,36.61929,41.77,Calibration,sand
608,44.244858,17.423792,30.834324,24.050003,Calibration,sand
609,51.78289,26.518602,39.150745,29.629997,Calibration,sand
610,27.848438,3.4241362,15.636288,13.349998,Calibration,sand
611,25.108969,-0.8222084,12.14338,7.279999,Calibration,sand
612,19.008532,-6.9889827,6.0097747,3.0,Calibration,sand
613,26.367538,0.059742928,13.213641,12.864998,Calibration,sand
614,21.599607,-6.858271,7.370668,8.866997,Calibration,sand
615,26.608889,-0.5593777,13.0247555,14.0,Calibration,sand
616,28.75339,2.3991547,15.576272,13.28,Calibration,sand
617,51.887325,26.965359,39.426342,39.56,Calibration,sand
618,82.20074,58.492317,70.34653,71.979996,Calibration,sand
619,87.564865,63.208694,75.38678,72.63,Calibration,sand
620,61.83751,36.893166,49.365337,55.05,Calibration,sand
621,34.947304,8.828388,21.887846,20.910004,Calibration,sand
622,24.487114,-4.726619,9.880247,10.559998,Calibration,sand
623,73.319145,49.383698,61.35142,69.56,Calibration,sand
624,26.027729,-4.1816216,10.923054,7.279999,Calibration,sand
625,22.527493,-4.981494,8.772999,11.117996,Calibration,sand
626,103.09647,79.12597,91.11122,96.932,Calibration,sand
627,67.01991,42.36772,54.693817,54.0,Calibration,sand
628,51.33957,26.532982,38.936275,43.0,Calibration,sand
629,21.664076,-8.102573,6.780751,3.0699997,Calibration,sand
630,26.76809,1.0895777,13.928834,11.349998,Calibration,sand
631,31.838253,3.6706343,17.754444,19.839996,Calibration,sand
632,63.427525,38.33298,50.880253,53.63,Calibration,sand
633,101.484695,77.65831,89.5715,95.87,Calibration,sand
634,100.07272,75.8613,87.96701,90.28,Calibration,sand
635,35.776093,9.885783,22.830938,26.489998,Calibration,sand
636,36.701653,11.7085905,24.205122,21.489998,Calibration,sand
637,20.056355,-7.159639,6.448358,6.209999,Calibration,sand
638,34.93736,10.716679,22.827019,22.489998,Calibration,sand
639,18.703243,-6.1418886,6.280677,6.1399994,Calibration,sand
640,17.89574,-7.352842,5.2714496,2.0699997,Calibration,sand
641,22.980625,-3.7144756,9.633075,7.419998,Calibration,sand
642,38.334187,11.334746,24.834467,24.419998,Calibration,sand
643,24.54373,-2.8668995,10.838415,7.3499985,Calibration,sand
644,99.77609,74.87198,87.324036,93.56,Calibration,sand
645,94.83372,71.042244,82.93798,86.0,Calibration,sand
646,32.831856,7.3172197,20.074537,20.279999,Calibration,sand
647,83.31324,58.536766,70.925,74.63,Calibration,sand
648,67.68475,43.5252,55.604977,56.63,Calibration,sand
649,63.08004,37.930733,50.505386,50.56,Calibration,sand
650,22.353157,-4.0538435,9.149656,9.349998,Calibration,sand
651,66.29583,40.135773,53.2158,65.490005,Calibration,sand
652,26.770676,1.1328936,13.951785,13.0,Calibration,sand
653,47.87664,21.918726,34.897682,37.19,Calibration,sand
654,24.531748,-1.3237591,11.603994,8.419998,Calibration,sand
655,24.590294,-0.5700407,12.010126,11.313004,Calibration,sand
656,46.466095,21.411087,33.93859,36.26,Calibration,sand
657,57.471813,31.89803,44.68492,46.0,Calibration,sand
658,19.65608,-5.554292,7.0508943,5.28,Calibration,sand
659,37.10127,12.033887,24.567577,25.629997,Calibration,sand
660,69.80762,44.666042,57.23683,61.03,Calibration,sand
661,20.432087,-6.635705,6.8981915,4.1399994,Calibration,sand
662,49.513744,22.726704,36.120224,32.54,Calibration,sand
663,68.143616,43.0724,55.60801,57.56,Calibration,sand
664,22.047482,-6.0247107,8.011386,8.559998,Calibration,sand
665,20.739868,-8.502302,6.1187825,2.14,Calibration,sand
666,35.491394,9.222293,22.356844,22.0,Calibration,sand
667,33.638176,7.259859,20.449017,29.470001,Calibration,sand
668,77.11853,53.128723,65.12363,70.840004,Calibration,sand
669,71.78957,47.13906,59.464317,53.894,Calibration,sand
670,56.090485,30.995255,43.54287,40.42,Calibration,sand
671,36.36435,9.84429,23.10432,31.330002,Calibration,sand
672,87.14746,63.20674,75.1771,78.56,Calibration,sand
673,25.144104,0.013718605,12.578911,17.559998,Calibration,sand
674,21.597992,-7.9298296,6.8340816,5.209999,Calibration,sand
675,72.74904,48.599358,60.6742,61.91,Calibration,sand
676,38.253826,12.748943,25.501385,26.0,Calibration,sand
677,34.243916,7.939105,21.09151,16.419998,Calibration,sand
678,24.737164,-2.7923756,10.972394,10.629997,Calibration,sand
679,25.34984,0.7438717,13.046856,6.3499985,Calibration,sand
680,38.35024,12.27616,25.3132,35.42,Calibration,sand
681,94.17886,70.1732,82.17603,92.0,Calibration,sand
682,21.445482,-6.4181266,7.513678,6.0,Calibration,sand
683,89.442566,65.581345,77.511955,94.14,Calibration,sand
684,66.3233,41.075058,53.69918,56.77,Calibration,sand
685,54.276947,28.914312,41.59563,45.0,Calibration,sand
686,95.01602,71.20456,83.11029,88.775,Calibration,sand
687,48.59857,23.280602,35.939587,40.84,Calibration,sand
688,19.78344,-4.904706,7.4393663,2.1399994,Calibration,sand
689,20.396484,-5.406878,7.494803,2.0699997,Calibration,sand
690,42.06861,15.590518,28.829565,22.050003,Calibration,sand
691,25.306152,-1.4559221,11.925115,17.0,Calibration,sand
692,21.7361,-7.120374,7.3078628,7.419998,Calibration,sand
693,21.16704,-4.561489,8.302775,1.0699997,Calibration,sand
694,37.482616,11.959022,24.72082,22.0,Calibration,sand
695,42.109543,17.62228,29.865911,27.419998,Calibration,sand
696,88.11128,64.54791,76.3296,76.0,Calibration,sand
697,19.603664,-7.4623866,6.070639,1.0699997,Calibration,sand
698,20.019295,-8.470709,5.7742925,0.01,Calibration,sand
699,21.943192,-2.6861296,9.628531,9.349998,Calibration,sand
700,37.308384,10.1948805,23.751633,22.489998,Calibration,sand
701,33.6184,8.469716,21.044058,18.489998,Calibration,sand
702,19.246841,-7.4489436,5.898949,1.0699997,Calibration,sand
703,45.18222,19.518875,32.350548,31.839996,Calibration,sand
704,31.422035,2.0008554,16.711445,18.559998,Calibration,sand
705,41.522236,15.574805,28.548521,25.489998,Calibration,sand
706,34.61441,8.929923,21.772167,20.489998,Calibration,sand
707,24.458952,-2.866478,10.796237,10.559998,Calibration,sand
708,67.61287,42.472588,55.04273,52.42,Calibration,sand
709,59.213398,34.340763,46.77708,48.33,Calibration,sand
710,23.880564,-1.8060932,11.037235,5.7939987,Calibration,sand
711,28.827518,2.2142067,15.520863,14.0,Calibration,sand
712,62.4629,37.699913,50.081406,51.33,Calibration,sand
713,33.07644,6.3536844,19.715061,18.98,Calibration,sand
714,34.52104,7.8695507,21.195295,29.910004,Calibration,sand
715,39.701363,12.767384,26.234373,23.050003,Calibration,sand
716,62.797752,37.893944,50.345848,43.12,Calibration,sand
717,21.831799,-4.41656,8.70762,4.1399994,Calibration,sand
718,52.925377,27.091255,40.008316,45.0,Calibration,sand
719,26.987597,1.3211746,14.154386,16.769997,Calibration,sand
720,21.36942,-5.430092,7.9696636,2.1399994,Calibration,sand
721,32.557945,7.3905125,19.974228,18.0,Calibration,sand
722,28.76186,2.1235838,15.442722,16.0,Calibration,sand
723,23.978653,-5.489501,9.2445755,7.3499985,Calibration,sand
724,24.840967,-0.8319416,12.004513,12.21,Calibration,sand
725,23.467438,-3.1330767,10.167181,9.089996,Calibration,sand
726,30.45679,4.237586,17.347189,18.0,Calibration,sand
727,26.005856,-0.8200207,12.592917,11.0,Calibration,sand
728,31.393173,5.2842436,18.338709,19.559998,Calibration,sand
729,27.078285,1.2996273,14.188956,6.0699997,Calibration,sand
730,26.811977,0.2555256,13.5337515,14.0,Calibration,sand
731,20.638592,-5.137292,7.7506504,7.279999,Calibration,sand
732,36.031693,11.764727,23.898209,27.629997,Calibration,sand
733,30.613659,4.5718765,17.592768,19.559998,Calibration,sand
734,22.250177,-3.6613388,9.294419,4.209999,Calibration,sand
735,64.73176,40.54639,52.639072,51.47,Calibration,sand
736,22.2012,-2.224495,9.988353,9.349998,Calibration,sand
737,21.91935,-4.233819,8.842765,5.209999,Calibration,sand
738,26.190598,0.6058674,13.398232,15.209999,Calibration,sand
739,43.371346,17.398706,30.385027,31.769997,Calibration,sand
740,21.787243,-4.015547,8.885848,2.14,Calibration,sand
741,17.253258,-7.677939,4.787659,0.01,Calibration,sand
742,49.36504,24.128078,36.74656,40.54,Calibration,sand
743,22.425144,-2.5691862,9.9279785,8.209999,Calibration,sand
744,23.547564,-1.1887894,11.179387,11.419998,Calibration,sand
745,18.369423,-7.858013,5.255705,0.01,Calibration,sand
746,21.518034,-7.8062882,6.8558726,6.0,Calibration,sand
747,69.41997,44.96628,57.193127,54.26,Calibration,sand
748,102.49578,78.32111,90.40845,90.21,Calibration,sand
749,65.1292,40.879654,53.00443,51.63,Calibration,sand
750,30.56514,4.4500074,17.507574,21.0,Calibration,sand
751,99.99492,76.267075,88.131,91.28,Calibration,sand
752,24.008625,-1.2422237,11.383201,14.419998,Calibration,sand
753,77.11857,51.089638,64.1041,62.05,Calibration,sand
754,27.668715,3.3524017,15.510558,14.559998,Calibration,sand
755,22.848597,-2.4221058,10.213245,1.0699997,Calibration,sand
756,92.8834,69.018654,80.95103,87.0,Calibration,sand
757,26.577682,1.3329268,13.955304,9.139999,Calibration,sand
758,19.211153,-7.0823474,6.064403,1.0,Calibration,sand
759,39.643013,13.15902,26.401016,25.839996,Calibration,sand
760,88.647995,64.58757,76.61778,91.49,Calibration,sand
761,36.75664,11.446242,24.101442,22.419998,Calibration,sand
762,37.99352,12.264587,25.129053,25.120003,Calibration,sand
763,30.842737,5.6601696,18.251453,12.349998,Calibration,sand
764,86.32526,54.440704,70.38298,84.63,Calibration,sand
765,56.950832,32.362675,44.656754,48.56,Calibration,sand
766,58.928646,33.814312,46.37148,54.7,Calibration,sand
767,80.11826,55.775143,67.9467,74.56,Calibration,sand
768,30.567682,6.403166,18.485424,15.419998,Calibration,sand
769,17.298996,-7.547313,4.8758416,0.01,Calibration,sand
770,28.459194,1.0619688,14.760581,15.839996,Calibration,sand
771,21.745676,-6.0664,7.839638,5.3499985,Calibration,sand
772,20.036316,-4.532742,7.7517867,4.21,Calibration,sand
773,103.50294,78.26295,90.88294,98.24,Calibration,sand
774,97.77411,72.8096,85.291855,84.0,Calibration,sand
775,49.770485,25.087708,37.429096,38.49,Calibration,sand
776,26.650616,-0.62842846,13.011094,9.0,Calibration,sand
777,84.69713,60.26743,72.48228,78.049995,Calibration,sand
778,21.448807,-3.522605,8.963101,11.349998,Calibration,sand
779,34.22102,8.665592,21.443306,23.63,Calibration,sand
780,27.748714,2.6786375,15.213676,18.699997,Calibration,sand
781,21.200312,-7.344599,6.9278564,3.1399994,Calibration,sand
782,47.47557,21.65162,34.563595,37.75,Calibration,sand
783,44.389145,19.722887,32.056015,25.839996,Calibration,sand
784,27.85685,0.7735901,14.31522,17.980003,Calibration,sand
785,29.297289,2.86833,16.08281,13.0,Calibration,sand
786,100.50583,76.74843,88.62713,94.28,Calibration,sand
787,40.927048,15.573087,28.250067,27.0,Calibration,sand
788,41.478657,15.482081,28.48037,30.279999,Calibration,sand
789,21.173378,-7.935219,6.6190796,5.0699997,Calibration,sand
790,44.09246,19.061728,31.577093,26.349998,Calibration,sand
791,24.570847,-3.1090345,10.730906,12.629997,Calibration,sand
792,43.888214,19.409914,31.649065,34.42,Calibration,sand
793,89.22161,63.05065,76.13613,92.07,Calibration,sand
794,32.70787,5.383765,19.045818,19.419998,Calibration,sand
795,29.899471,4.4065924,17.153032,26.0,Calibration,sand
796,70.88864,42.57705,56.732845,58.26,Calibration,sand
797,35.525925,9.404966,22.465445,21.0,Calibration,sand
798,53.17977,28.07531,40.62754,51.98,Calibration,sand
799,26.45869,0.38856792,13.423629,13.07,Calibration,sand
800,19.654501,-8.599424,5.527538,1.0699997,Calibration,sand
801,29.723667,3.379651,16.551659,23.349998,Calibration,sand
802,76.950325,52.77453,64.86243,63.0,Calibration,sand
803,37.887547,13.245719,25.566633,22.349998,Calibration,sand
804,38.10967,12.236244,25.172956,35.260002,Calibration,sand
805,97.394775,72.98241,85.18859,93.77,Calibration,sand
806,30.641468,4.0635023,17.352486,18.0,Calibration,sand
807,62.433838,37.675407,50.054623,51.56,Calibration,sand
808,36.74204,8.707278,22.724659,18.910004,Calibration,sand
809,79.279724,55.038452,67.15909,76.35,Calibration,sand
810,59.769703,35.289158,47.52943,48.0,Calibration,sand
811,49.393524,23.40918,36.401352,34.839996,Calibration,sand
812,26.340317,-0.3701296,12.985094,9.629997,Calibration,sand
813,44.47879,19.342398,31.910593,23.0,Calibration,sand
814,84.61648,60.011833,72.314156,71.909996,Calibration,sand
815,68.023575,42.884525,55.45405,54.28,Calibration,sand
816,81.246414,55.97307,68.60974,72.21,Calibration,sand
817,20.042023,-7.085763,6.4781303,1.07,Calibration,sand
818,52.16137,27.067423,39.614395,41.12,Calibration,sand
819,25.185045,0.17913437,12.68209,6.0699997,Calibration,sand
820,55.641983,30.831825,43.236904,40.19,Calibration,sand
821,90.29555,65.40108,77.84831,87.42,Calibration,sand
822,26.275711,-0.07044983,13.102631,15.209999,Calibration,sand
823,20.011242,-7.042985,6.484128,4.14,Calibration,sand
824,19.431229,-6.034138,6.698545,2.8190002,Calibration,sand
825,28.514885,1.8725119,15.193699,17.0,Calibration,sand
826,51.039658,26.141344,38.5905,41.68,Calibration,sand
827,33.812714,8.034784,20.92375,21.839996,Calibration,sand
828,84.223114,60.309296,72.266205,72.049995,Calibration,sand
829,32.279835,6.0075693,19.143702,24.559998,Calibration,sand
830,61.686363,37.422966,49.554665,48.91,Calibration,sand
831,32.274635,5.7207394,18.997686,22.559998,Calibration,sand
832,19.588846,-8.353786,5.6175303,0.01,Calibration,sand
833,28.64664,1.9133949,15.280018,16.0,Calibration,sand
834,91.52219,66.9084,79.215294,86.770004,Calibration,sand
835,46.23973,20.873016,33.556374,34.56,Calibration,sand
836,19.228958,-5.5492344,6.839862,9.209999,Calibration,sand
837,55.805817,31.29035,43.548084,25.980003,Calibration,sand
838,55.617195,31.46049,43.53884,44.0,Calibration,sand
839,24.249584,-1.6419773,11.303803,10.279999,Calibration,sand
840,20.582829,-3.7489576,8.416935,18.279999,Calibration,sand
841,24.967857,-2.554388,11.206735,10.0,Calibration,sand
842,18.188587,-7.443021,5.3727827,3.0699997,Calibration,sand
843,43.193268,16.667217,29.930243,28.839996,Calibration,sand
844,52.10741,26.678387,39.3929,38.0,Calibration,sand
845,50.742893,25.979214,38.361053,32.75,Calibration,sand
846,20.746172,-6.903277,6.9214473,3.14,Calibration,sand
847,38.206802,12.716977,25.46189,12.07,Calibration,sand
848,57.39219,32.646637,45.019413,49.49,Calibration,sand
849,38.83345,11.330649,25.08205,19.769997,Calibration,sand
850,31.355759,5.2405624,18.29816,19.839996,Calibration,sand
851,31.847416,6.6907015,19.269058,16.0,Calibration,sand
852,28.10254,-0.32044697,13.891047,13.77,Calibration,sand
853,49.708584,23.605541,36.657063,28.910004,Calibration,sand
854,30.196146,5.43598,17.816063,18.279999,Calibration,sand
855,41.065517,15.745625,28.405571,28.629997,Calibration,sand
856,85.21954,60.827652,73.0236,71.26,Calibration,sand
857,47.507416,21.559532,34.533474,36.77,Calibration,sand
858,24.475693,-2.2681446,11.103774,11.629997,Calibration,sand
859,78.64308,50.914032,64.77856,64.560005,Calibration,sand
860,80.02678,54.47488,67.25083,84.21,Calibration,sand
861,69.04057,44.283405,56.66199,68.700005,Calibration,sand
862,33.51336,5.992199,19.752779,20.489998,Calibration,sand
863,19.098751,-5.093655,7.0025477,11.139999,Calibration,sand
864,28.552141,2.2901535,15.421147,15.0,Calibration,sand
865,23.574066,-1.4354982,11.069284,13.84,Calibration,sand
866,72.8204,48.79507,60.807735,57.28,Calibration,sand
867,58.95192,34.695786,46.823853,43.56,Calibration,sand
868,27.515778,0.62627697,14.071027,13.925003,Calibration,sand
869,28.958496,1.9117241,15.43511,18.0,Calibration,sand
870,33.22446,4.5607796,18.89262,14.910004,Calibration,sand
871,39.142487,12.516728,25.829607,23.419998,Calibration,sand
872,62.533627,37.211674,49.87265,56.12,Calibration,sand
873,64.130646,40.18524,52.157944,55.98,Calibration,sand
874,50.672207,24.492733,37.58247,40.19,Calibration,sand
875,38.197414,13.553882,25.875648,24.279999,Calibration,sand
876,28.768864,2.5355844,15.652225,16.0,Calibration,sand
877,19.482151,-5.552465,6.9648433,5.0,Calibration,sand
878,43.824097,19.025618,31.424856,30.115997,Calibration,sand
879,57.831757,31.986048,44.9089,58.4,Calibration,sand
880,92.60382,68.7742,80.68901,85.7,Calibration,sand
881,33.608383,7.770068,20.689226,23.0,Calibration,sand
882,26.184864,-1.2567987,12.464032,11.629997,Calibration,sand
883,37.005272,11.989323,24.497297,26.7,Calibration,sand
884,22.671736,-4.8770256,8.897355,3.0,Calibration,sand
885,31.721806,7.6122627,19.667034,23.699997,Calibration,sand
886,67.93929,42.703453,55.321373,57.63,Calibration,sand
887,40.564903,16.090677,28.327791,27.769997,Calibration,sand
888,52.27006,26.984638,39.62735,42.56,Calibration,sand
889,27.280739,2.284646,14.782692,13.0,Calibration,sand
890,56.596115,30.967072,43.781593,42.7,Calibration,sand
891,99.09313,75.08231,87.08772,94.243,Calibration,sand
892,51.886078,26.519867,39.202972,30.0,Calibration,sand
893,27.759575,1.2748423,14.517208,15.080002,Calibration,sand
894,22.830807,-5.9245453,8.453131,9.0,Calibration,sand
895,20.071182,-8.410068,5.830557,2.1399994,Calibration,sand
896,21.998894,-6.6430326,7.6779304,3.0699997,Calibration,sand
897,75.997406,50.908134,63.45277,60.91,Calibration,sand
898,50.148376,25.017874,37.583126,38.98,Calibration,sand
899,64.71727,39.34166,52.029465,55.145,Calibration,sand
900,39.64016,11.672538,25.65635,26.629997,Calibration,sand
901,54.249313,28.55127,41.40029,41.63,Calibration,sand
902,35.366264,9.965899,22.666082,27.14,Calibration,sand
903,38.706596,12.15396,25.430279,24.419998,Calibration,sand
904,40.23618,14.823461,27.52982,25.0,Calibration,sand
905,26.757782,1.1443281,13.951055,9.489998,Calibration,sand
906,25.227795,-2.3513613,11.438216,8.0,Calibration,sand
907,94.10954,70.385666,82.247604,86.103,Calibration,sand
908,27.551937,0.5552645,14.0536,11.0,Calibration,sand
909,40.614647,15.449282,28.031965,30.489998,Calibration,sand
910,36.421642,11.845344,24.133493,22.699997,Calibration,sand
911,38.444107,13.357296,25.900702,26.629997,Calibration,sand
912,67.79441,43.06382,55.429115,59.736,Calibration,sand
913,33.005753,8.36402,20.684887,17.21,Calibration,sand
914,24.192364,-1.8347464,11.178808,9.63,Calibration,sand
915,86.12528,62.433468,74.27937,81.144,Calibration,sand
916,85.68088,61.823975,73.752426,72.1,Calibration,sand
917,49.736126,23.956768,36.846447,41.1,Calibration,sand
918,48.361607,23.206944,35.784275,32.699997,Calibration,sand
919,42.100925,16.965607,29.533266,25.769997,Calibration,sand
920,42.48529,17.25609,29.870691,30.419998,Calibration,sand
921,95.45305,71.21924,83.33614,87.770004,Calibration,sand
922,20.284136,-8.084944,6.099596,2.1399994,Calibration,sand
923,25.963516,-0.8540964,12.554709,1.07,Calibration,sand
924,83.69818,59.15498,71.42658,72.28,Calibration,sand
925,64.100685,40.113564,52.107124,71.56,Calibration,sand
926,41.076538,15.616122,28.34633,29.0,Calibration,sand
927,17.571426,-6.9068484,5.332289,5.367996,Calibration,sand
928,44.92874,19.387665,32.158203,33.0,Calibration,sand
929,25.169188,0.025367737,12.597278,7.279999,Calibration,sand
930,57.83074,32.77249,45.301617,51.56,Calibration,sand
931,51.336517,26.497932,38.917225,34.489998,Calibration,sand
932,24.745165,-1.0613613,11.841902,3.0699997,Calibration,sand
933,35.23349,9.564276,22.398884,20.769997,Calibration,sand
934,28.305378,2.0106878,15.158033,14.769997,Calibration,sand
935,52.39973,27.174473,39.7871,38.0,Calibration,sand
936,46.253246,21.324177,33.78871,30.489998,Calibration,sand
937,70.403694,45.42286,57.913277,49.96,Calibration,sand
938,95.3517,71.54843,83.450066,87.49,Calibration,sand
939,28.837986,-0.45955944,14.189214,9.419998,Calibration,sand
940,31.99181,3.5818338,17.786821,14.349998,Calibration,sand
941,21.610586,-3.1586323,9.225977,3.209999,Calibration,sand
942,22.730759,-4.9328833,8.898937,4.209999,Calibration,sand
943,30.191265,5.566449,17.878857,22.699997,Calibration,sand
944,25.278395,-2.226204,11.526095,13.7,Calibration,sand
945,45.967224,20.731407,33.349316,30.489998,Calibration,sand
946,103.58112,79.76937,91.67525,93.49,Calibration,sand
947,63.18162,38.226307,50.703964,44.77,Calibration,sand
948,38.357952,9.294011,23.825981,26.769997,Calibration,sand
949,31.000244,2.7986383,16.89944,23.559998,Calibration,sand
950,72.9696,48.973305,60.97145,66.490005,Calibration,sand
951,72.96337,44.587387,58.77538,58.26,Calibration,sand
952,23.017262,-5.589553,8.713855,1.0699997,Calibration,sand
953,84.683044,60.920773,72.80191,79.68,Calibration,sand
954,64.13778,39.241325,51.689552,57.19,Calibration,sand
955,37.160877,11.34801,24.254444,38.0,Calibration,sand
956,20.94136,-3.916439,8.512461,5.0699997,Calibration,sand
957,61.64504,37.165813,49.405426,60.19,Calibration,sand
958,60.017456,35.173973,47.595715,55.49,Calibration,sand
959,24.15039,-4.1216745,10.0143585,7.1480026,Calibration,sand
960,31.136417,4.5625696,17.849493,17.0,Calibration,sand
961,27.711876,0.55948734,14.135682,14.0,Calibration,sand
962,35.530525,9.922079,22.726301,22.0,Calibration,sand
963,31.810257,6.189949,19.000103,20.0,Calibration,sand
964,27.281204,-1.1719179,13.054643,15.84,Calibration,sand
965,33.817635,8.206034,21.011833,27.0,Calibration,sand
966,21.88802,-3.5502968,9.168861,10.279999,Calibration,sand
967,22.95822,-4.882551,9.037834,13.629997,Calibration,sand
968,59.025154,33.60681,46.315983,52.45,Calibration,sand
969,22.49144,-6.316346,8.087547,5.4660034,Calibration,sand
970,26.13689,0.21038437,13.173637,14.839996,Calibration,sand
971,26.635937,0.35523987,13.495588,4.1399994,Calibration,sand
972,46.837444,21.42197,34.129707,32.0,Calibration,sand
973,80.0557,56.103268,68.07948,69.63,Calibration,sand
974,49.84945,24.600973,37.225212,41.75,Calibration,sand
975,65.10211,40.317574,52.709843,55.19,Calibration,sand
976,45.956745,20.161777,33.05926,40.7,Calibration,sand
977,45.321404,19.406403,32.363903,35.980003,Calibration,sand
978,75.94169,51.612823,63.777256,61.19,Calibration,sand
979,26.10099,0.4304657,13.265728,15.559998,Calibration,sand
980,33.392414,6.381751,19.887083,19.349998,Calibration,sand
981,36.297787,8.577026,22.437407,24.699997,Calibration,sand
982,28.54035,1.0686703,14.80451,15.724998,Calibration,sand
983,39.713165,14.260517,26.986841,28.0,Calibration,sand
984,92.42772,69.232864,80.83029,77.56,Calibration,sand
985,26.91845,-0.273571,13.322439,15.0,Calibration,sand
986,98.69281,74.94577,86.81929,92.49,Calibration,sand
987,17.953571,-6.7099915,5.62179,2.1399994,Calibration,sand
988,39.74517,12.93237,26.33877,27.699997,Calibration,sand
989,29.525127,3.973445,16.749287,11.209999,Calibration,sand
990,67.74271,42.611263,55.176983,55.61,Calibration,sand
991,23.732578,-7.9698358,7.881371,4.209999,Calibration,sand
992,66.0565,41.128284,53.592392,51.54,Calibration,sand
993,23.046059,-2.1662693,10.439895,8.279999,Calibration,sand
994,20.298193,-6.871418,6.7133875,4.209999,Calibration,sand
995,94.8822,70.3963,82.63925,84.56,Calibration,sand
996,31.681742,6.078432,18.880087,14.0,Calibration,sand
997,72.10333,47.41453,59.75893,65.770004,Calibration,sand
998,31.794064,5.76476,18.779411,19.0,Calibration,sand
999,37.20068,10.97691,24.088795,25.419998,Calibration,sand
1000,87.413826,63.12699,75.27041,73.12,Calibration,sand
1001,43.863903,17.309315,30.586609,28.910004,Calibration,sand
1002,35.482746,9.247323,22.365034,30.0,Calibration,sand
1003,17.852999,-6.995255,5.4288716,5.1399994,Calibration,sand
1004,67.53377,42.337368,54.93557,73.49,Calibration,sand
1005,34.139473,8.562609,21.35104,24.0,Calibration,sand
1006,79.822334,55.6509,67.73662,70.909996,Calibration,sand
1007,63.14686,37.999863,50.57336,55.0,Calibration,sand
1008,25.031054,-2.4111042,11.309975,12.699997,Calibration,sand
1009,18.307295,-7.159689,5.573803,3.0699997,Calibration,sand
1010,41.016693,15.739894,28.378294,31.0,Calibration,sand
1011,45.392933,20.420078,32.906506,29.629997,Calibration,sand
1012,19.21593,-7.209837,6.003047,3.203003,Calibration,sand
1013,17.78048,-7.342357,5.2190614,0.9489975,Calibration,sand
1014,20.939747,-8.324853,6.3074474,2.1399994,Calibration,sand
1015,72.040665,46.97108,59.50587,60.349,Calibration,sand
1016,42.009216,16.296453,29.152834,31.0,Calibration,sand
1017,95.46224,71.695244,83.57874,95.21,Calibration,sand
1018,51.659042,26.407011,39.033028,40.12,Calibration,sand
1019,25.959818,-1.2734528,12.343183,10.419998,Calibration,sand
1020,22.759838,-2.4117708,10.174033,6.209999,Calibration,sand
1021,38.22126,12.504643,25.362951,32.0,Calibration,sand
1022,97.394775,73.83179,85.61328,88.0,Calibration,sand
1023,22.800093,-3.3126411,9.743726,11.139999,Calibration,sand
1024,24.468365,-1.7984438,11.334961,7.2850037,Calibration,sand
1025,35.35389,9.685408,22.519648,24.0,Calibration,sand
1026,30.019157,3.6504126,16.834785,18.0,Calibration,sand
1027,42.345016,16.195053,29.270035,29.839996,Calibration,sand
1028,33.21474,7.110673,20.162706,23.0,Calibration,sand
1029,35.5748,9.555494,22.565147,28.470001,Calibration,sand
1030,50.91426,25.480104,38.19718,35.910004,Calibration,sand
1031,42.097458,16.150267,29.123863,25.91,Calibration,sand
1032,23.145658,-2.415182,10.365238,9.349998,Calibration,sand
1033,19.896355,-8.113394,5.89148,1.0699997,Calibration,sand
1034,21.060026,-5.7266045,7.666711,13.419998,Calibration,sand
1035,29.314829,3.766718,16.540773,17.0,Calibration,sand
1036,66.673035,42.088448,54.38074,58.84,Calibration,sand
1037,23.75748,-2.8817987,10.437841,10.0510025,Calibration,sand
1038,76.35324,51.375553,63.8644,67.560005,Calibration,sand
1039,46.718803,20.43618,33.57749,35.629997,Calibration,sand
1040,61.526215,37.40483,49.465523,54.442,Calibration,sand
1041,27.865887,2.359665,15.112776,17.0,Calibration,sand
1042,24.703564,-0.28621578,12.208674,14.489998,Calibration,sand
1043,22.61122,-4.55624,9.02749,8.597,Calibration,sand
1044,56.96489,31.13385,44.04937,39.4,Calibration,sand
1045,57.81295,32.806572,45.30976,51.63,Calibration,sand
1046,48.41592,22.608189,35.512054,31.769997,Calibration,sand
1047,54.200535,29.173733,41.687134,42.12,Calibration,sand
1048,43.8081,18.042362,30.925232,32.0,Calibration,sand
1049,63.681995,38.491352,51.086674,72.49,Calibration,sand
1050,66.67582,42.16729,54.421555,50.0,Calibration,sand
1051,23.264984,-4.1792192,9.542883,7.3499985,Calibration,sand
1052,86.35513,61.023853,73.68949,78.654,Calibration,sand
1053,32.48299,7.739356,20.111174,18.646004,Calibration,sand
1054,21.866432,-5.86777,7.9993305,7.0,Calibration,sand
1055,40.918056,15.7611265,28.339592,30.699997,Calibration,sand
1056,41.959602,15.798119,28.87886,32.839996,Calibration,sand
1057,41.220467,15.699701,28.460085,29.0,Calibration,sand
1058,32.634464,6.200547,19.417505,16.98,Calibration,sand
1059,28.102554,3.0671072,15.58483,10.489998,Calibration,sand
1060,34.301407,7.618272,20.959839,18.419998,Calibration,sand
1061,28.342705,3.4603052,15.901505,21.77,Calibration,sand
1062,56.028603,30.169754,43.09918,46.665,Calibration,sand
1063,82.887825,58.15058,70.5192,75.49,Calibration,sand
1064,47.464672,22.261501,34.863087,39.7,Calibration,sand
1065,36.166363,11.151554,23.658958,21.77,Calibration,sand
1066,41.73818,17.168549,29.453363,26.419998,Calibration,sand
1067,27.703262,0.5226574,14.11296,17.0,Calibration,sand
1068,33.745003,7.460161,20.602583,20.419998,Calibration,sand
1069,20.972984,-5.445074,7.763955,4.279999,Calibration,sand
1070,75.36303,50.895073,63.12905,68.28,Calibration,sand
1071,54.576,29.100056,41.838028,39.77,Calibration,sand
1072,23.0817,-2.9306917,10.075504,6.0169983,Calibration,sand
1073,81.83214,58.136948,69.98454,80.61,Calibration,sand
1074,20.313553,-7.562251,6.3756514,2.0699997,Calibration,sand
1075,16.801949,-7.4584537,4.6717477,3.209999,Calibration,sand
1076,36.56616,11.830026,24.198092,18.0,Calibration,sand
1077,21.54816,-6.049371,7.7493954,7.419998,Calibration,sand
1078,71.20229,47.223347,59.212822,53.89,Calibration,sand
1079,20.23425,-7.923251,6.1554985,4.1399994,Calibration,sand
1080,22.69574,-1.228076,10.733831,11.349998,Calibration,sand
1081,70.03289,45.356857,57.694874,61.98,Calibration,sand
1082,64.45425,39.600716,52.02748,66.43,Calibration,sand
1083,28.66763,1.1832256,14.925427,8.559998,Calibration,sand
1084,26.104763,-0.33289528,12.885934,14.699997,Calibration,sand
1085,49.28138,24.992867,37.137123,34.489998,Calibration,sand
1086,97.73094,74.13199,85.931465,90.0,Calibration,sand
1087,50.626194,25.142078,37.884136,45.49,Calibration,sand
1088,73.60383,49.57021,61.58702,63.05,Calibration,sand
1089,29.208061,2.842433,16.025248,18.0,Calibration,sand
1090,56.501286,30.680752,43.59102,47.49,Calibration,sand
1091,46.600212,21.708427,34.15432,38.24,Calibration,sand
1092,27.628033,1.0536785,14.340856,8.0,Calibration,sand
1093,18.53054,-5.8849134,6.322813,2.2050018,Calibration,sand
1094,35.70943,10.672665,23.191048,20.559998,Calibration,sand
1095,32.571877,6.0895796,19.330729,28.0,Calibration,sand
1096,20.678677,-5.811273,7.433702,10.419998,Calibration,sand
1097,19.582684,-7.448201,6.0672407,2.0699997,Calibration,sand
1098,19.989763,-6.517311,6.736226,11.419998,Calibration,sand
1099,47.36651,22.467546,34.917027,34.559998,Calibration,sand
1100,24.312578,-0.5539646,11.879307,14.276001,Calibration,sand
1101,20.323757,-6.748831,6.787463,6.1399994,Calibration,sand
1102,22.418491,-4.059306,9.179593,8.419998,Calibration,sand
1103,24.133581,-1.4459743,11.343803,9.279999,Calibration,sand
1104,36.343994,12.007315,24.175653,24.699997,Calibration,sand
1105,28.085747,2.1144114,15.100079,14.7,Calibration,sand
1106,31.880215,4.5408716,18.210543,24.699997,Calibration,sand
1107,22.623775,-3.420394,9.601691,4.1399994,Calibration,sand
1108,19.511501,-5.1337748,7.1888638,3.1399994,Calibration,sand
1109,27.575636,1.5011482,14.538392,12.0,Calibration,sand
1110,57.325027,32.059563,44.692295,47.49,Calibration,sand
1111,67.92585,43.117188,55.52152,58.0,Calibration,sand
1112,19.862253,-5.9687448,6.946754,4.209999,Calibration,sand
1113,75.95913,51.8125,63.885815,69.770004,Calibration,sand
1114,25.33099,-1.6995497,11.815721,9.349998,Calibration,sand
1115,22.429726,-2.4229326,10.003397,10.664001,Calibration,sand
1116,22.250067,-6.113743,8.068162,9.204002,Calibration,sand
1117,25.95283,1.0311852,13.492007,19.207,Calibration,sand
1118,66.87194,38.101143,52.48654,63.42,Calibration,sand
1119,40.781384,15.656163,28.218773,33.839996,Calibration,sand
1120,32.880352,5.701497,19.290924,21.699997,Calibration,sand
1121,64.79392,40.556038,52.67498,49.63,Calibration,sand
1122,21.931076,-4.8389072,8.546084,10.419998,Calibration,sand
1123,37.85151,11.660397,24.755953,30.0,Calibration,sand
1124,31.554632,6.182913,18.868773,16.419998,Calibration,sand
1125,57.19487,32.346634,44.770752,45.98,Calibration,sand
1126,32.19029,6.5174637,19.353876,17.489998,Calibration,sand
1127,81.2,56.86816,69.03408,72.08,Calibration,sand
1128,21.150217,-4.095598,8.527309,6.279999,Calibration,sand
1129,28.721321,2.0645342,15.392928,16.0,Calibration,sand
1130,22.156055,-4.3401937,8.90793,2.07,Calibration,sand
1131,79.05492,54.277023,66.66597,70.979996,Calibration,sand
1132,51.516537,25.673496,38.595016,37.42,Calibration,sand
1133,31.901115,7.6268167,19.763966,17.629997,Calibration,sand
1134,20.105164,-5.4945745,7.305294,6.209999,Calibration,sand
1135,30.42889,4.348049,17.38847,17.05,Calibration,sand
1136,101.46531,77.76383,89.61457,96.576,Calibration,sand
1137,43.252045,18.527657,30.88985,37.49,Calibration,sand
1138,48.733074,23.332249,36.03266,40.96,Calibration,sand
1139,70.233116,45.385857,57.809486,56.56,Calibration,sand
1140,31.403347,4.432007,17.917677,16.596,Calibration,sand
1141,41.039703,14.709553,27.874628,27.489998,Calibration,sand
1142,18.902025,-6.0361724,6.4329267,6.209999,Calibration,sand
1143,41.391777,14.136833,27.764305,28.120003,Calibration,sand
1144,18.827099,-8.166245,5.330427,0.01,Calibration,sand
1145,29.165611,3.2415743,16.203592,15.0,Calibration,sand
1146,22.694332,-3.15104,9.7716465,7.279999,Calibration,sand
1147,52.70233,27.089134,39.895733,36.56,Calibration,sand
1148,45.30208,19.024933,32.163506,31.839996,Calibration,sand
1149,29.665775,0.20629501,14.936035,14.629997,Calibration,sand
1150,32.470566,6.539962,19.505264,19.0,Calibration,sand
1151,40.550648,15.469757,28.010202,29.0,Calibration,sand
1152,43.637264,16.938313,30.287788,34.1,Calibration,sand
1153,22.40354,-1.7992897,10.302125,8.139999,Calibration,sand
1154,19.97037,-4.848831,7.560769,3.1399994,Calibration,sand
1155,24.981327,-0.6470394,12.167144,11.209999,Calibration,sand
1156,35.30748,11.234893,23.271187,20.629997,Calibration,sand
1157,63.076447,37.736298,50.406372,50.84,Calibration,sand
1158,98.58682,74.757645,86.67223,94.903,Calibration,sand
1159,38.24474,12.785007,25.514874,31.0,Calibration,sand
1160,28.347591,2.968728,15.658159,16.7,Calibration,sand
1161,30.498713,4.717455,17.608084,21.84,Calibration,sand
1162,54.697014,30.001928,42.349472,52.63,Calibration,sand
1163,37.377808,12.676683,25.027245,26.629997,Calibration,sand
1164,27.873974,2.1639776,15.018976,9.349998,Calibration,sand
1165,28.60548,1.9645185,15.285,12.0,Calibration,sand
1166,65.45417,41.613796,53.53398,68.49,Calibration,sand
1167,39.174274,14.51643,26.845352,25.84,Calibration,sand
1168,19.07087,-7.9998446,5.535513,2.0,Calibration,sand
1169,22.66136,-2.2556648,10.2028475,6.0699997,Calibration,sand
1170,100.88996,77.19222,89.04109,94.21,Calibration,sand
1171,26.908516,0.70279694,13.805656,17.0,Calibration,sand
1172,59.486565,34.66642,47.076492,53.0,Calibration,sand
1173,27.085712,-1.3389521,12.87338,11.63,Calibration,sand
1174,73.89403,49.573147,61.733585,64.0,Calibration,sand
1175,34.41246,9.0559025,21.73418,28.0,Calibration,sand
1176,26.373266,1.0998154,13.736541,11.419998,Calibration,sand
1177,88.13687,63.597183,75.86703,76.49,Calibration,sand
1178,81.98042,58.080414,70.03042,75.1,Calibration,sand
1179,32.202705,5.7510405,18.976873,19.0,Calibration,sand
1180,75.94273,51.58108,63.761906,74.87,Calibration,sand
1181,38.454594,12.132935,25.293764,27.7,Calibration,sand
1182,74.2954,49.87941,62.087406,63.84,Calibration,sand
1183,73.248566,48.696526,60.972546,67.049995,Calibration,sand
1184,100.750374,76.33465,88.54251,95.42,Calibration,sand
1185,22.778957,-4.9376307,8.920663,2.0,Calibration,sand
1186,21.386713,-6.0001106,7.693301,2.0,Calibration,sand
1187,17.553371,-7.2780027,5.137685,0.01,Calibration,sand
1188,26.018719,2.2405634,14.129642,18.21,Calibration,sand
1189,82.79229,58.277122,70.534706,72.0,Calibration,sand
1190,45.07274,18.396,31.73437,33.489998,Calibration,sand
1191,36.53989,11.78967,24.16478,18.63,Calibration,sand
1192,17.530817,-7.586975,4.971921,0.01,Calibration,sand
1193,21.857485,-5.438135,8.209675,3.1399994,Calibration,sand
1194,88.54461,63.272236,75.908424,80.35,Calibration,sand
1195,26.37453,1.8100033,14.092267,8.35,Calibration,sand
1196,46.72459,21.460583,34.092587,38.05,Calibration,sand
1197,97.25454,72.91218,85.08336,91.28,Calibration,sand
1198,32.378864,6.580536,19.4797,24.0,Calibration,sand
1199,89.909065,65.180336,77.5447,74.700005,Calibration,sand
1200,31.05708,5.1190834,18.088081,17.699997,Calibration,sand
1201,18.510906,-7.7870903,5.361908,0.01,Calibration,sand
1202,25.048185,-5.1495914,9.949297,8.419998,Calibration,sand
1203,23.52895,-2.984827,10.272061,4.279999,Calibration,sand
1204,52.220665,27.485167,39.852917,40.0,Calibration,sand
1205,38.11319,11.15347,24.63333,21.629997,Calibration,sand
1206,20.131042,-5.5550714,7.2879853,3.1399994,Calibration,sand
1207,49.7803,24.636967,37.208633,48.03,Calibration,sand
1208,24.84669,-3.7168121,10.564939,11.559998,Calibration,sand
1209,38.72889,12.6205635,25.674726,31.980003,Calibration,sand
1210,29.695904,3.8203974,16.75815,18.629997,Calibration,sand
1211,38.64844,11.3259735,24.987207,27.559998,Calibration,sand
1212,67.899796,41.057068,54.47843,51.21,Calibration,sand
1213,77.26613,53.296326,65.28123,66.049995,Calibration,sand
1214,102.80652,78.839066,90.82279,90.42,Calibration,sand
1215,24.370365,-1.9220076,11.224178,12.589996,Calibration,sand
1216,22.982864,-5.0775995,8.952633,11.535004,Calibration,sand
1217,64.45953,37.20111,50.830322,47.12,Calibration,sand
1218,53.30916,28.567406,40.938282,43.49,Calibration,sand
1219,44.084766,18.526684,31.305725,33.54,Calibration,sand
1220,29.255142,2.68056,15.967852,16.0,Calibration,sand
1221,42.285393,17.136515,29.710955,27.0,Calibration,sand
1222,94.35901,70.526855,82.44293,92.803,Calibration,sand
1223,28.047989,2.018795,15.033392,11.0,Calibration,sand
1224,28.10704,2.0316658,15.069353,19.559998,Calibration,sand
1225,85.09421,61.18515,73.13968,85.35,Calibration,sand
1226,48.19185,22.271727,35.23179,34.489998,Calibration,sand
1227,57.8727,32.417713,45.145206,41.26,Calibration,sand
1228,27.55711,1.5899382,14.573524,17.559998,Calibration,sand
1229,56.361755,31.874197,44.117977,43.1,Calibration,sand
1230,80.01744,55.288197,67.65282,76.979996,Calibration,sand
1231,45.0179,20.124403,32.57115,33.0,Calibration,sand
1232,47.704216,22.489202,35.09671,30.98,Calibration,sand
1233,20.920914,-5.721381,7.5997667,1.0699997,Calibration,sand
1234,35.027,9.050114,22.038557,22.489998,Calibration,sand
1235,60.20496,35.35139,47.778175,57.17,Calibration,sand
1236,79.0055,54.78425,66.894875,65.909996,Calibration,sand
1237,24.605995,-3.1582441,10.723876,3.9049988,Calibration,sand
1238,25.299383,-3.1452808,11.077051,17.559998,Calibration,sand
1239,23.749493,-1.4446917,11.152401,7.8639984,Calibration,sand
1240,36.565594,9.979283,23.272438,21.05,Calibration,sand
1241,67.73365,42.524963,55.129307,54.35,Calibration,sand
1242,26.867523,0.14637375,13.506948,11.0,Calibration,sand
1243,75.22852,51.075054,63.151787,73.987,Calibration,sand
1244,41.342598,15.895062,28.61883,29.91,Calibration,sand
1245,64.896545,40.207554,52.552048,50.63,Calibration,sand
1246,52.322792,27.178545,39.750668,41.91,Calibration,sand
1247,47.749256,22.533726,35.14149,39.26,Calibration,sand
1248,40.494102,14.950648,27.722376,30.190002,Calibration,sand
1249,61.206116,36.783295,48.994705,54.49,Calibration,sand
1250,34.08942,8.024083,21.056751,25.0,Calibration,sand
1251,55.512733,29.14,42.326366,35.629997,Calibration,sand
1252,37.343987,11.438839,24.391413,24.0,Calibration,sand
1253,23.146343,-1.0037069,11.071319,13.349998,Calibration,sand
1254,98.09769,74.36603,86.23186,82.0,Calibration,sand
1255,57.806858,32.03561,44.921234,49.339,Calibration,sand
1256,20.715437,-6.2623563,7.22654,5.209999,Calibration,sand
1257,90.23473,65.6007,77.91772,82.840004,Calibration,sand
1258,39.588455,14.180475,26.884466,31.0,Calibration,sand
1259,19.055195,-5.3844414,6.8353767,2.0699997,Calibration,sand
1260,46.006466,20.603603,33.305035,34.910004,Calibration,sand
1261,20.465359,-7.212153,6.6266026,2.0,Calibration,sand
1262,30.520966,4.1959925,17.358479,19.0,Calibration,sand
1263,36.921753,11.616751,24.269253,25.0,Calibration,sand
1264,20.592041,-7.1910973,6.700472,4.209999,Calibration,sand
1265,21.839699,-5.567936,8.135881,7.0,Calibration,sand
1266,61.123432,36.960903,49.042168,55.608,Calibration,sand
1267,30.236092,3.526515,16.881304,14.0,Calibration,sand
1268,19.14055,-6.3363132,6.4021187,6.0,Calibration,sand
1269,33.61672,7.5829687,20.599844,17.0,Calibration,sand
1270,33.335953,7.4441767,20.390064,21.629997,Calibration,sand
1271,22.097147,-4.2628765,8.917135,8.349998,Calibration,sand
1272,29.848446,2.5568323,16.202639,12.349998,Calibration,sand
1273,23.2718,-5.6751976,8.798301,8.419998,Calibration,sand
1274,59.272133,34.154556,46.713345,47.26,Calibration,sand
1275,29.689983,3.2259665,16.457975,11.0,Calibration,sand
1276,29.491077,3.2348013,16.36294,15.629997,Calibration,sand
1277,29.9375,3.623046,16.780273,10.07,Calibration,sand
1278,18.966246,-7.046594,5.959826,1.07,Calibration,sand
1279,35.36811,9.096734,22.232422,20.699997,Calibration,sand
1280,33.674747,6.662036,20.168392,23.120003,Calibration,sand
1281,24.432499,-1.6687775,11.381861,4.279999,Calibration,sand
1282,29.991478,4.8249044,17.408192,15.559998,Calibration,sand
1283,47.066338,22.363533,34.714935,38.68,Calibration,sand
1284,38.678307,12.637331,25.657818,31.489998,Calibration,sand
1285,26.93504,1.1230822,14.02906,7.279999,Calibration,sand
1286,48.37608,23.000675,35.688377,35.89,Calibration,sand
1287,88.78003,64.254944,76.51749,74.63,Calibration,sand
1288,47.640934,22.282063,34.9615,29.910004,Calibration,sand
1289,17.238499,-7.6730924,4.782703,0.01,Calibration,sand
1290,72.20232,47.689186,59.94575,62.63,Calibration,sand
1291,23.197636,-1.5909662,10.803335,8.209999,Calibration,sand
1292,63.864693,39.124435,51.494564,54.91,Calibration,sand
1293,28.655863,3.970293,16.313078,16.0,Calibration,sand
1294,52.66855,27.831884,40.250217,44.28,Calibration,sand
1295,34.523537,8.924195,21.723866,21.769997,Calibration,sand
1296,73.41795,48.704613,61.061283,65.630005,Calibration,sand
1297,30.594614,6.0777645,18.33619,13.279999,Calibration,sand
1298,33.41837,7.2859316,20.35215,17.0,Calibration,sand
1299,67.985306,43.30839,55.64685,49.56,Calibration,sand
1300,16.503618,-7.6092205,4.447199,0.01,Calibration,sand
1301,20.34832,-3.7612896,8.293515,7.1399994,Calibration,sand
1302,66.35143,41.802444,54.07694,54.98,Calibration,sand
1303,22.053661,-6.61222,7.7207203,8.279999,Calibration,sand
1304,21.167284,-7.202501,6.982392,4.209999,Calibration,sand
1305,20.983372,-3.8286505,8.577361,10.375999,Calibration,sand
1306,49.5932,24.889664,37.241432,37.0,Calibration,sand
1307,24.867775,-2.093278,11.387249,10.07,Calibration,sand
1308,37.668816,13.435015,25.551916,22.559998,Calibration,sand
1309,30.287231,0.24593544,15.266583,24.314003,Calibration,sand
1310,39.829803,14.052996,26.9414,24.910004,Calibration,sand
1311,51.903645,27.000309,39.451977,33.0,Calibration,sand
1312,21.100842,-7.1184196,6.991211,6.35,Calibration,sand
1313,26.861956,0.30974388,13.58585,7.279999,Calibration,sand
1314,38.229767,12.59477,25.41227,22.349998,Calibration,sand
1315,40.851864,16.428463,28.640163,28.419998,Calibration,sand
1316,23.888176,-2.1937294,10.847223,9.489998,Calibration,sand
1317,25.307968,-1.3263645,11.990802,7.419998,Calibration,sand
1318,30.079754,5.37901,17.729382,13.49,Calibration,sand
1319,23.817837,-0.72601604,11.54591,6.209999,Calibration,sand
1320,26.19373,1.0661802,13.629955,10.279999,Calibration,sand
1321,16.447073,-7.5977855,4.424644,0.01,Calibration,sand
1322,27.24293,2.1692848,14.706107,11.346001,Calibration,sand
1323,32.42866,8.441873,20.435266,18.0,Calibration,sand
1324,39.32339,13.498364,26.410877,25.0,Calibration,sand
1325,59.238922,34.27778,46.75835,44.56,Calibration,sand
1326,18.854477,-7.5949373,5.6297693,0.01,Calibration,sand
1327,34.38574,9.002143,21.693941,24.0,Calibration,sand
1328,24.599487,-2.4801607,11.059663,12.349998,Calibration,sand
1329,21.359713,-6.604883,7.3774147,1.0699997,Calibration,sand
1330,22.589054,-2.9212074,9.833923,12.719002,Calibration,sand
1331,25.32589,-1.1529875,12.086452,9.42,Calibration,sand
1332,23.520355,-4.8277082,9.346323,10.101997,Calibration,sand
1333,22.386517,-6.4862986,7.9501095,9.0,Calibration,sand
1334,34.72013,9.348738,22.034435,26.0,Calibration,sand
1335,92.24013,67.05014,79.645134,83.0,Calibration,sand
1336,45.990395,21.260025,33.62521,30.559998,Calibration,sand
1337,28.37793,2.94903,15.66348,19.489998,Calibration,sand
1338,21.39106,-7.7238417,6.8336086,5.614998,Calibration,sand
1339,79.236015,54.69346,66.96474,68.42,Calibration,sand
1340,41.139423,15.88572,28.512571,29.0,Calibration,sand
1341,20.84964,-6.1796923,7.3349743,5.1399994,Calibration,sand
1342,18.33702,-5.9079514,6.2145348,0.01,Calibration,sand
1343,28.851526,2.225172,15.538349,19.0,Calibration,sand
1344,33.501842,7.8553705,20.678606,16.0,Calibration,sand
1345,94.8176,71.274994,83.046295,92.21,Calibration,sand
1346,54.851513,29.330593,42.091053,45.63,Calibration,sand
1347,23.102345,-1.8966017,10.602872,11.279999,Calibration,sand
1348,93.75776,69.99384,81.8758,79.1,Calibration,sand
1349,28.350956,1.3608952,14.855926,12.869003,Calibration,sand
1350,22.06934,-3.0801487,9.494596,11.0,Calibration,sand
1351,24.202387,-4.617502,9.792442,8.218002,Calibration,sand
1352,36.324333,10.566698,23.445515,26.699997,Calibration,sand
1353,102.9213,78.176765,90.549034,97.42,Calibration,sand
1354,37.771988,11.331049,24.55152,29.419998,Calibration,sand
1355,59.48627,35.226315,47.356293,51.0,Calibration,sand
1356,21.332758,-7.7396474,6.796555,4.279999,Calibration,sand
1357,49.4632,23.543003,36.5031,30.84,Calibration,sand
1358,19.009357,-6.475591,6.2668834,4.1399994,Calibration,sand
1359,24.898243,-1.7897558,11.554243,7.42,Calibration,sand
1360,32.891125,6.4456663,19.668396,20.35,Calibration,sand
1361,26.116173,-0.5417261,12.787224,26.349998,Calibration,sand
1362,27.766285,2.1463404,14.956312,14.419998,Calibration,sand
1363,23.705303,-3.2353745,10.234964,6.0,Calibration,sand
1364,17.713732,-7.3471494,5.183291,0.01,Calibration,sand
1365,100.35111,76.73852,88.544815,92.888,Calibration,sand
1366,25.10178,-2.323884,11.3889475,16.769997,Calibration,sand
1367,56.327183,30.671604,43.499393,49.61,Calibration,sand
1368,103.52669,78.92453,91.22561,98.14,Calibration,sand
1369,25.518225,-3.0605507,11.228837,8.445999,Calibration,sand
1370,24.986855,-0.23105335,12.3779,9.279999,Calibration,sand
1371,45.879906,20.109932,32.99492,38.38,Calibration,sand
1372,99.84502,75.50899,87.677,88.0,Calibration,sand
1373,55.26902,30.413935,42.841476,45.0,Calibration,sand
1374,23.58588,-3.7631273,9.911376,9.587997,Calibration,sand
1375,20.163975,-7.948924,6.107526,2.0699997,Calibration,sand
1376,100.34395,76.30531,88.32463,97.14,Calibration,sand
1377,27.717388,2.5539856,15.135687,11.139999,Calibration,sand
1378,19.40493,-7.524535,5.940198,3.0,Calibration,sand
1379,102.6428,78.50283,90.572815,98.243,Calibration,sand
1380,29.334255,4.877513,17.105885,13.49,Calibration,sand
1381,65.11512,40.23243,52.673775,51.05,Calibration,sand
1382,29.475842,4.601536,17.038689,21.21,Calibration,sand
1383,53.760754,28.527813,41.144283,50.63,Calibration,sand
1384,20.92276,-5.929808,7.4964757,3.1399994,Calibration,sand
1385,80.55684,56.04126,68.29905,68.19,Calibration,sand
1386,73.21607,47.83995,60.52801,56.98,Calibration,sand
1387,17.153503,-7.077042,5.0382304,2.0,Calibration,sand
1388,25.590122,-2.7143927,11.437865,8.279999,Calibration,sand
1389,34.58256,9.025589,21.804075,25.742575,Calibration,sand
1390,68.91158,43.988144,56.449863,63.77,Calibration,sand
1391,35.605553,10.13063,22.868092,27.0,Calibration,sand
1392,55.8736,29.850368,42.861984,48.901,Calibration,sand
1393,33.46951,9.353844,21.411676,19.0,Calibration,sand
1394,26.79792,0.078084946,13.438003,11.469002,Calibration,sand
1395,29.402193,3.9167576,16.659475,12.349998,Calibration,sand
1396,57.045815,32.67694,44.861378,47.49,Calibration,sand
1397,70.69266,46.250854,58.471756,57.7,Calibration,sand
1398,19.355982,-5.805015,6.7754836,10.489998,Calibration,sand
1399,30.377094,2.9665365,16.671816,13.0,Calibration,sand
1400,26.108494,-0.68511105,12.711691,6.419998,Calibration,sand
1401,90.12265,66.29753,78.21009,84.840004,Calibration,sand
1402,50.46816,25.389599,37.92888,34.42,Calibration,sand
1403,79.04379,54.037308,66.54055,61.35,Calibration,sand
1404,25.736588,-4.468604,10.633991,7.419998,Calibration,sand
1405,25.101757,-2.3752108,11.363273,13.695,Calibration,sand
1406,32.669426,6.8440256,19.756725,21.559998,Calibration,sand
1407,24.47655,-3.7743664,10.351091,7.21,Calibration,sand
1408,22.527563,-5.0108433,8.75836,11.543999,Calibration,sand
1409,23.905386,-1.6093502,11.148018,4.1399994,Calibration,sand
1410,30.618734,5.582445,18.10059,15.0,Calibration,sand
1411,18.22959,-7.2860856,5.4717517,5.1399994,Calibration,sand
1412,31.072884,6.4886208,18.780752,11.733002,Calibration,sand
1413,31.62462,6.81143,19.218025,18.489998,Calibration,sand
1414,22.331568,-4.333008,8.99928,12.49,Calibration,sand
1415,76.10073,52.040825,64.07078,63.0,Calibration,sand
1416,50.4151,25.30291,37.859005,50.66,Calibration,sand
1417,27.470163,0.8556862,14.162925,15.769997,Calibration,sand
1418,25.444302,-0.09983158,12.6722355,4.1399994,Calibration,sand
1419,27.245562,0.30615425,13.775858,10.419998,Calibration,sand
1420,94.97209,69.83206,82.40208,81.0,Calibration,sand
1421,31.015148,3.977769,17.496458,17.49,Calibration,sand
1422,29.72115,4.1923532,16.95675,15.419998,Calibration,sand
1423,25.04583,-2.6458607,11.199985,14.910004,Calibration,sand
1424,22.74686,-6.050372,8.348244,10.0,Calibration,sand
1425,29.056755,3.5674667,16.31211,17.629997,Calibration,sand
1426,40.34782,16.112381,28.2301,26.910004,Calibration,sand
1427,17.228474,-7.7240977,4.752188,2.0699997,Calibration,sand
1428,71.417175,46.538216,58.977695,65.78,Calibration,sand
1429,57.618225,32.550987,45.084606,42.91,Calibration,sand
1430,18.306622,-7.242507,5.532057,1.0699997,Calibration,sand
1431,26.998692,-1.2562656,12.871213,10.419998,Calibration,sand
1432,25.65887,0.42853737,13.043704,11.419998,Calibration,sand
1433,52.055733,26.761831,39.408783,43.19,Calibration,sand
1434,39.123837,13.875031,26.499434,21.559998,Calibration,sand
1435,35.5666,10.690412,23.128506,26.699997,Calibration,sand
1436,24.012283,-2.799203,10.606541,10.0,Calibration,sand
1437,56.40159,31.273636,43.837612,40.98,Calibration,sand
1438,20.386902,-7.10817,6.6393657,10.489998,Calibration,sand
1439,25.230255,-2.4550972,11.387579,16.304,Calibration,sand
1440,30.29346,1.065814,15.679638,25.629997,Calibration,sand
1441,93.64468,67.85209,80.74838,83.21,Calibration,sand
1442,48.81881,24.27279,36.5458,36.91,Calibration,sand
1443,19.700499,-6.069767,6.815366,9.0,Calibration,sand
1444,24.586273,-2.2657843,11.160244,4.14,Calibration,sand
1445,46.16433,21.209984,33.687157,33.559998,Calibration,sand
1446,33.964035,7.7626047,20.86332,23.0,Calibration,sand
1447,17.319965,-7.5113707,4.904297,2.3050003,Calibration,sand
1448,35.394753,10.598511,22.996632,20.7,Calibration,sand
1449,25.10757,-1.9714994,11.568036,16.0,Calibration,sand
1450,26.673378,-0.9685011,12.852438,14.699997,Calibration,sand
1451,70.405876,45.072033,57.738956,80.803,Calibration,sand
1452,25.05803,-2.8136768,11.122176,13.699997,Calibration,sand
1453,31.162174,4.001792,17.581984,14.0,Calibration,sand
1454,31.333149,4.922694,18.127922,18.0,Calibration,sand
1455,22.599743,-3.2305164,9.684613,6.209999,Calibration,sand
1456,31.37085,5.167264,18.269056,18.0,Calibration,sand
1457,26.530426,-2.5632143,11.983606,7.209999,Calibration,sand
1458,28.218452,1.1308136,14.674633,16.559998,Calibration,sand
1459,100.73258,76.66468,88.69863,97.07,Calibration,sand
1460,29.517609,5.2204514,17.36903,14.419998,Calibration,sand
1461,31.220608,4.798682,18.009645,19.0,Calibration,sand
1462,38.55671,13.041643,25.799177,16.699997,Calibration,sand
1463,34.64182,8.762515,21.702168,23.0,Calibration,sand
1464,36.491825,11.135052,23.813438,28.0,Calibration,sand
1465,94.156334,70.43702,82.29668,81.42,Calibration,sand
1466,31.65628,6.029908,18.843094,19.489998,Calibration,sand
1467,83.463646,55.384346,69.423996,66.05,Calibration,sand
1468,49.230247,23.932419,36.581333,31.84,Calibration,sand
1469,26.49813,0.4649744,13.481553,5.28,Calibration,sand
1470,52.988113,27.40711,40.197613,45.12,Calibration,sand
1471,56.92166,32.340446,44.631054,64.240005,Calibration,sand
1472,21.96397,-7.0680895,7.44794,8.419998,Calibration,sand
1473,51.672874,26.749725,39.2113,36.75,Calibration,sand
1474,28.681492,4.0086565,16.345074,14.139999,Calibration,sand
1475,48.23024,21.569433,34.899837,39.84,Calibration,sand
1476,79.67356,54.628468,67.15102,70.47,Calibration,sand
1477,36.45516,10.815975,23.635567,23.0,Calibration,sand
1478,23.145641,-5.1993885,8.973126,10.0,Calibration,sand
1479,20.423452,-4.730751,7.8463507,11.066002,Calibration,sand
1480,23.763273,-5.3460426,9.208615,9.489998,Calibration,sand
1481,31.632933,6.462572,19.047752,19.629997,Calibration,sand
1482,42.330566,16.84518,29.587873,28.839996,Calibration,sand
1483,23.541061,-3.48804,10.02651,4.209999,Calibration,sand
1484,28.553543,3.908409,16.230976,16.559998,Calibration,sand
1485,53.09656,27.328556,40.21256,41.54,Calibration,sand
1486,100.255165,76.434685,88.344925,93.0,Calibration,sand
1487,34.89257,9.002793,21.947681,16.559998,Calibration,sand
1488,51.814972,25.5599,38.687435,32.225,Calibration,sand
1489,40.2303,12.704028,26.467165,24.120003,Calibration,sand
1490,103.70901,79.37063,91.53982,96.14,Calibration,sand
1491,19.175417,-6.2846065,6.4454055,4.209999,Calibration,sand
1492,24.442348,-0.7609806,11.840684,6.0699997,Calibration,sand
1493,65.00659,40.17188,52.589237,55.7,Calibration,sand
1494,71.95265,47.450714,59.701683,53.56,Calibration,sand
1495,40.17961,15.519766,27.84969,28.05,Calibration,sand
1496,73.373825,49.378025,61.375927,57.49,Calibration,sand
1497,27.249313,0.659647,13.95448,24.260002,Calibration,sand
1498,19.686916,-7.8788466,5.904035,3.209999,Calibration,sand
1499,33.936768,7.2417297,20.589249,24.0,Calibration,sand
1500,41.116524,16.846844,28.981684,26.77,Calibration,sand
1501,17.243454,-7.712468,4.7654934,1.0,Calibration,sand
1502,21.790726,-4.36353,8.713598,6.209999,Calibration,sand
1503,46.34763,21.86813,34.10788,32.699997,Calibration,sand
1504,30.485504,5.060836,17.77317,14.0,Calibration,sand
1505,30.653011,4.169182,17.411097,15.49,Calibration,sand
1506,95.000404,71.197,83.0987,92.35,Calibration,sand
1507,35.628433,10.599838,23.114136,19.0,Calibration,sand
1508,31.685188,6.1448126,18.915,19.0,Calibration,sand
1509,25.005291,-1.2302694,11.887511,13.419998,Calibration,sand
1510,16.693644,-7.5073495,4.593147,0.01,Calibration,sand
1511,42.970837,16.140102,29.55547,36.77,Calibration,sand
1512,54.18933,29.14665,41.66799,41.42,Calibration,sand
1513,71.72607,47.510925,59.618496,51.4,Calibration,sand
1514,37.606,12.225593,24.915796,20.559998,Calibration,sand
1515,19.63657,-5.311296,7.162637,6.0699997,Calibration,sand
1516,72.78701,48.086395,60.436703,62.12,Calibration,sand
1517,27.956766,2.020029,14.988398,20.0,Calibration,sand
1518,21.841719,-4.5058956,8.667912,7.419998,Calibration,sand
1519,32.552006,6.6329117,19.592459,12.156998,Calibration,sand
1520,86.11992,62.738323,74.42912,75.038,Calibration,sand
1521,25.286203,-1.5466671,11.869768,12.279999,Calibration,sand
1522,21.78894,-5.1388617,8.32504,7.489998,Calibration,sand
1523,21.769033,-6.586672,7.591181,7.0,Calibration,sand
1524,21.827717,-3.0396423,9.394037,3.0699997,Calibration,sand
1525,36.19565,9.632282,22.913965,16.910004,Calibration,sand
1526,95.01332,70.1886,82.60096,89.0,Calibration,sand
1527,20.77778,-4.398012,8.189884,5.209999,Calibration,sand
1528,35.167084,9.685613,22.426348,16.699997,Calibration,sand
1529,18.499722,-5.953561,6.27308,1.0,Calibration,sand
1530,99.94427,76.2369,88.09058,93.28,Calibration,sand
1531,42.12783,17.193281,29.660557,26.419998,Calibration,sand
1532,60.979446,35.759575,48.36951,52.77,Calibration,sand
1533,29.99012,4.7229757,17.356548,22.0,Calibration,sand
1534,47.517494,21.916178,34.716835,34.629997,Calibration,sand
1535,29.474041,2.1891737,15.831608,8.899002,Calibration,sand
1536,31.711334,6.9264154,19.318874,21.629997,Calibration,sand
1537,47.17451,21.851444,34.512978,35.769997,Calibration,sand
1538,30.098902,4.414423,17.256662,18.0,Calibration,sand
1539,23.917622,-3.9921818,9.96272,10.0,Calibration,sand
1540,78.44608,54.380383,66.41323,78.56,Calibration,sand
1541,66.916275,41.96076,54.438515,54.12,Calibration,sand
1542,21.281734,-5.4150624,7.933336,5.279999,Calibration,sand
1543,17.199831,-7.3256397,4.9370956,0.01,Calibration,sand
1544,20.534685,-7.130527,6.7020793,5.279999,Calibration,sand
1545,34.607975,8.597679,21.602827,18.0,Calibration,sand
1546,25.769413,-2.344305,11.712554,8.0,Calibration,sand
1547,16.408478,-7.15795,4.6252637,2.0699997,Calibration,sand
1548,18.439268,-5.4686317,6.485318,6.0699997,Calibration,sand
1549,52.720295,27.05154,39.885918,42.75,Calibration,sand
1550,30.61068,3.7635689,17.187124,17.0,Calibration,sand
1551,20.47194,-6.082345,7.1947966,1.0,Calibration,sand
1552,23.929226,-3.0057268,10.461749,7.0,Calibration,sand
1553,28.26929,1.76828,15.018785,18.0,Calibration,sand
1554,20.705494,-3.3500586,8.677718,7.0699997,Calibration,sand
1555,41.095146,14.923682,28.009415,24.98,Calibration,sand
1556,28.24965,2.3088284,15.279239,18.699997,Calibration,sand
1557,70.38396,45.531143,57.95755,64.979996,Calibration,sand
1558,29.373726,2.5717459,15.972736,11.0,Calibration,sand
1559,26.355186,0.54691887,13.451053,15.559998,Calibration,sand
1560,87.52505,63.59458,75.559814,79.56,Calibration,sand
1561,30.778854,6.5295105,18.654182,8.209999,Calibration,sand
1562,37.20936,9.765907,23.487633,32.165,Calibration,sand
1563,23.699902,-4.2744484,9.712727,10.0,Calibration,sand
1564,22.582993,-4.206336,9.188329,8.397003,Calibration,sand
1565,38.489037,12.123012,25.306025,23.839996,Calibration,sand
1566,52.476692,26.273108,39.3749,38.0,Calibration,sand
1567,19.315214,-6.478314,6.41845,2.07,Calibration,sand
1568,77.87848,53.54686,65.71267,64.240005,Calibration,sand
1569,21.685816,-4.9979095,8.343953,6.209999,Calibration,sand
1570,18.086603,-6.286967,5.899818,3.0699997,Calibration,sand
1571,57.456886,33.077057,45.26697,46.42,Calibration,sand
1572,23.301262,-4.7052536,9.298004,10.350998,Calibration,sand
1573,30.560425,3.9325523,17.246489,18.7,Calibration,sand
1574,24.231518,-3.5531921,10.339163,7.0339966,Calibration,sand
1575,29.893833,3.805215,16.849524,19.0,Calibration,sand
1576,28.359772,2.213479,15.286626,14.0,Calibration,sand
1577,41.363594,15.665724,28.514658,34.0,Calibration,sand
1578,49.837322,25.209507,37.523415,41.0,Calibration,sand
1579,49.335945,23.47084,36.403393,38.91,Calibration,sand
1580,22.603786,-4.711796,8.945995,4.209999,Calibration,sand
1581,17.183098,-7.412381,4.885359,0.01,Calibration,sand
1582,21.278461,-4.2835035,8.497479,6.279999,Calibration,sand
1583,98.61427,74.78,86.697136,95.21,Calibration,sand
1584,29.565975,-0.53411484,14.51593,17.489998,Calibration,sand
1585,16.505943,-7.5759897,4.4649773,0.01,Calibration,sand
1586,27.359262,-0.5390606,13.410101,14.483002,Calibration,sand
1587,36.59961,11.356878,23.978245,15.489998,Calibration,sand
1588,48.216988,21.336105,34.776546,28.419998,Calibration,sand
1589,63.21947,38.664562,50.942017,53.29,Calibration,sand
1590,92.00797,68.47341,80.24069,79.35,Calibration,sand
1591,26.284256,-0.6072092,12.838523,10.0,Calibration,sand
1592,22.173439,-4.2523375,8.960551,3.9240036,Calibration,sand
1593,85.71071,61.373398,73.54205,79.21,Calibration,sand
1594,95.870834,72.566055,84.218445,80.42,Calibration,sand
1595,102.359406,78.65767,90.50854,97.99301,Calibration,sand
1596,28.562283,1.8291817,15.195732,15.629997,Calibration,sand
1597,17.814602,-7.3037333,5.2554345,1.0699997,Calibration,sand
1598,47.37352,21.638885,34.506203,39.91,Calibration,sand
1599,39.80518,13.540379,26.67278,29.349998,Calibration,sand
1600,21.80008,-3.5655365,9.117271,6.0,Calibration,sand
1601,42.91075,17.373903,30.142326,34.61,Calibration,sand
1602,25.722294,0.48599052,13.104142,9.279999,Calibration,sand
1603,33.482826,8.274599,20.878712,16.419998,Calibration,sand
1604,53.65877,27.097424,40.378098,44.68,Calibration,sand
1605,29.23909,2.977974,16.108532,23.699997,Calibration,sand
1606,47.30028,22.46783,34.884056,46.28,Calibration,sand
1607,99.782646,76.06519,87.92392,90.685,Calibration,sand
1608,53.82783,28.74123,41.28453,48.47,Calibration,sand
1609,45.31458,18.60733,31.960955,29.629997,Calibration,sand
1610,22.452045,-6.91865,7.7666974,2.1399994,Calibration,sand
1611,24.834509,-1.1466084,11.84395,17.279999,Calibration,sand
1612,42.347137,14.552168,28.449654,27.470001,Calibration,sand
1613,23.037258,-1.1775837,10.929837,12.419998,Calibration,sand
1614,25.86523,-1.7544241,12.055404,11.0,Calibration,sand
1615,68.41322,43.768547,56.090885,56.98,Calibration,sand
1616,44.99189,19.927147,32.45952,33.910004,Calibration,sand
1617,78.41509,53.80466,66.10988,67.28,Calibration,sand
1618,18.27237,-7.439765,5.4163017,2.0699997,Calibration,sand
1619,49.20568,23.677315,36.441498,35.559998,Calibration,sand
1620,25.521832,-2.9370365,11.2923975,10.431999,Calibration,sand
1621,72.086,47.912716,59.99936,58.0,Calibration,sand
1622,81.665245,57.446724,69.555984,53.33,Calibration,sand
1623,27.774982,1.3216715,14.548327,18.0,Calibration,sand
1624,21.77301,-3.217803,9.277603,10.0,Calibration,sand
1625,86.7913,63.020027,74.90566,83.0,Calibration,sand
1626,20.972683,-3.6642485,8.654217,3.0,Calibration,sand
1627,23.395348,-4.532731,9.431309,9.0,Calibration,sand
1628,47.7726,21.72551,34.749054,30.910004,Calibration,sand
1629,29.068424,1.7540627,15.411243,13.42,Calibration,sand
1630,30.820778,3.1792173,16.999998,19.839996,Calibration,sand
1631,20.664463,-6.3782206,7.143121,13.279999,Calibration,sand
1632,23.17069,-4.8596706,9.15551,4.209999,Calibration,sand
1633,21.126913,-8.312302,6.4073057,0.01,Calibration,sand
1634,25.157887,-2.7446012,11.206643,9.0,Calibration,sand
1635,37.101257,11.185719,24.143488,29.0,Calibration,sand
1636,19.117828,-5.7609797,6.678424,1.07,Calibration,sand
1637,35.168037,8.848424,22.00823,20.349998,Calibration,sand
1638,24.51316,-1.4468145,11.533174,13.699997,Calibration,sand
1639,50.77523,25.327368,38.0513,41.12,Calibration,sand
1640,67.3425,40.683167,54.012833,54.03,Calibration,sand
1641,69.2413,44.7121,56.976704,73.35,Calibration,sand
1642,31.018002,4.2815485,17.649775,24.0,Calibration,sand
1643,23.502834,-2.6787271,10.412053,9.0,Calibration,sand
1644,31.798626,3.9422302,17.870428,15.259003,Calibration,sand
1645,30.371521,3.7313871,17.051455,19.63,Calibration,sand
1646,26.675287,0.42604828,13.550668,16.0,Calibration,sand
1647,20.03563,-7.0927415,6.4714437,6.279999,Calibration,sand
1648,61.78043,37.458035,49.619232,47.63,Calibration,sand
1649,101.13428,77.42297,89.278625,95.554,Calibration,sand
1650,21.41233,-5.889245,7.7615423,7.489998,Calibration,sand
1651,34.74691,8.113357,21.430134,19.980003,Calibration,sand
1652,29.721115,2.8799448,16.30053,23.190002,Calibration,sand
1653,75.19106,51.324364,63.257713,70.0,Calibration,sand
1654,31.684746,5.154952,18.41985,27.190002,Calibration,sand
1655,27.601822,3.147706,15.374764,13.500999,Calibration,sand
1656,35.55915,10.255332,22.907242,23.0,Calibration,sand
1657,35.842186,9.866129,22.854158,29.120003,Calibration,sand
1658,49.251785,23.966606,36.609196,34.84,Calibration,sand
1659,29.903477,4.162648,17.033062,21.0,Calibration,sand
1660,88.04975,63.64367,75.84671,81.979996,Calibration,sand
1661,26.735992,0.7523508,13.744171,19.84,Calibration,sand
1662,22.232891,-6.39727,7.9178104,4.1399994,Calibration,sand
1663,88.38537,64.35006,76.367714,81.21,Calibration,sand
1664,18.59742,-7.677803,5.4598083,5.1399994,Calibration,sand
1665,35.03425,8.923113,21.978682,25.0,Calibration,sand
1666,65.42561,40.745293,53.085453,48.68,Calibration,sand
1667,28.817932,1.820405,15.319169,18.0,Calibration,sand
1668,37.343502,12.224556,24.784029,25.0,Calibration,sand
1669,22.291819,-3.584076,9.353871,4.209999,Calibration,sand
1670,21.046091,-5.319075,7.8635077,9.349998,Calibration,sand
1671,102.25829,78.21436,90.23633,92.49,Calibration,sand
1672,28.155304,1.0228853,14.589094,11.0,Calibration,sand
1673,33.31573,5.83638,19.576056,19.980003,Calibration,sand
1674,27.018356,1.9782038,14.49828,8.236,Calibration,sand
1675,24.7005,-1.1619081,11.769297,9.0,Calibration,sand
1676,19.142342,-8.434985,5.3536787,0.01,Calibration,sand
1677,27.871742,1.435525,14.653634,17.0,Calibration,sand
1678,80.75379,55.932243,68.34302,71.700005,Calibration,sand
1679,79.821335,55.780243,67.80079,78.63,Calibration,sand
1680,25.18347,0.30000687,12.741738,9.636002,Calibration,sand
1681,16.909052,-7.8575063,4.5257726,1.07,Calibration,sand
1682,18.646336,-7.6267986,5.5097685,0.01,Calibration,sand
1683,25.841331,0.27681637,13.059074,9.349998,Calibration,sand
1684,40.3992,13.8178005,27.108501,30.839996,Calibration,sand
1685,49.273872,22.308538,35.791206,29.0,Calibration,sand
1686,70.15433,45.01975,57.587036,62.9,Calibration,sand
1687,22.48896,-7.428852,7.530054,6.1399994,Calibration,sand
1688,22.019867,-3.8048582,9.107504,7.209999,Calibration,sand
1689,36.014435,10.586096,23.300264,25.0,Calibration,sand
1690,78.08248,54.110157,66.09632,77.63,Calibration,sand
1691,18.71357,-7.310677,5.701446,1.0,Calibration,sand
1692,43.088383,17.833504,30.460943,25.0,Calibration,sand
1693,24.091951,-2.873663,10.609144,10.0,Calibration,sand
1694,20.303255,-5.7368236,7.283216,8.279999,Calibration,sand
1695,84.69158,60.832924,72.76225,73.700005,Calibration,sand
1696,35.029102,8.38133,21.705215,20.629997,Calibration,sand
1697,32.341766,6.91535,19.628557,18.07,Calibration,sand
1698,32.22605,5.013875,18.619963,18.839996,Calibration,sand
1699,23.636501,-3.9487429,9.84388,9.139999,Calibration,sand
1700,63.863632,39.957924,51.910778,52.98,Calibration,sand
1701,49.72445,24.607992,37.16622,34.489998,Calibration,sand
1702,23.474125,-5.033807,9.220159,8.0,Calibration,sand
1703,20.964233,-4.070855,8.446689,10.559998,Calibration,sand
1704,37.056362,11.372766,24.214563,27.0,Calibration,sand
1705,22.159039,-1.9938631,10.082588,8.139999,Calibration,sand
1706,48.642895,22.743786,35.69334,45.98,Calibration,sand
1707,45.40448,20.56494,32.98471,40.84,Calibration,sand
1708,75.70241,50.948536,63.32547,62.0,Calibration,sand
1709,22.072937,-3.4822378,9.29535,9.209999,Calibration,sand
1710,21.52613,-6.0703998,7.7278657,5.28,Calibration,sand
1711,35.68759,10.387887,23.037739,26.419998,Calibration,sand
1712,35.0907,10.261734,22.676216,21.56,Calibration,sand
1713,47.57268,22.127888,34.850285,37.56,Calibration,sand
1714,27.178768,0.44615936,13.812464,14.0,Calibration,sand
1715,21.240044,-3.7160025,8.76202,1.2770004,Calibration,sand
1716,79.95152,55.568634,67.76008,75.56,Calibration,sand
1717,21.920794,-7.1040425,7.4083753,4.279999,Calibration,sand
1718,37.662605,11.902765,24.782686,32.0,Calibration,sand
1719,96.92311,73.2905,85.106804,91.35,Calibration,sand
1720,17.938332,-6.9673758,5.4854784,0.01,Calibration,sand
1721,44.53373,19.855232,32.19448,34.489998,Calibration,sand
1722,38.88403,12.757308,25.82067,20.489998,Calibration,sand
1723,86.79129,62.451366,74.62133,73.909996,Calibration,sand
1724,19.148779,-6.235514,6.456632,0.01,Calibration,sand
1725,21.270462,-4.546872,8.361795,3.0699997,Calibration,sand
1726,32.028988,6.0749664,19.051977,23.0,Calibration,sand
1727,29.366005,2.319662,15.8428335,24.0,Calibration,sand
1728,21.334042,-5.2777386,8.0281515,5.14,Calibration,sand
1729,21.77497,-2.6474857,9.563742,9.349998,Calibration,sand
1730,31.55436,6.183463,18.868912,23.279999,Calibration,sand
1731,23.537113,-2.1177588,10.709677,7.209999,Calibration,sand
1732,20.865086,-4.3117657,8.27666,11.279999,Calibration,sand
1733,46.140656,21.11882,33.629738,33.33,Calibration,sand
1734,34.304237,8.198332,21.251284,25.0,Calibration,sand
1735,91.42314,67.46564,79.44439,89.28,Calibration,sand
1736,29.211716,4.8798857,17.045801,9.139999,Calibration,sand
1737,18.462904,-7.3409953,5.5609546,1.0699997,Calibration,sand
1738,27.155249,1.8081188,14.481684,23.629997,Calibration,sand
1739,49.564037,24.958523,37.26128,39.77,Calibration,sand
1740,26.744911,0.1007967,13.422854,13.0,Calibration,sand
1741,23.938976,-2.515277,10.71185,4.21,Calibration,sand
1742,27.142479,-0.31388187,13.414298,13.699997,Calibration,sand
1743,19.200851,-8.060521,5.5701656,1.0699997,Calibration,sand
1744,54.379204,28.179121,41.279163,37.49,Calibration,sand
1745,30.87965,3.8854036,17.382526,17.910004,Calibration,sand
1746,83.51307,58.6018,71.057434,60.17,Calibration,sand
1747,60.594048,34.95095,47.7725,62.7,Calibration,sand
1748,44.722637,19.84161,32.282124,31.0,Calibration,sand
1749,32.600506,6.219899,19.410202,22.56,Calibration,sand
1750,32.045998,3.2816553,17.663826,13.349998,Calibration,sand
1751,43.08238,18.008457,30.545418,31.0,Calibration,sand
1752,65.08629,40.132248,52.60927,66.770004,Calibration,sand
1753,72.21464,47.85878,60.03671,57.21,Calibration,sand
1754,24.996403,-3.7509813,10.62271,12.419998,Calibration,sand
1755,55.422913,30.463013,42.942963,42.42,Calibration,sand
1756,80.868935,57.07827,68.9736,73.049995,Calibration,sand
1757,24.599384,-2.5808058,11.009289,10.0,Calibration,sand
1758,76.06653,51.849174,63.95785,74.75,Calibration,sand
1759,22.912163,-2.0025835,10.454789,6.35,Calibration,sand
1760,25.712769,1.3440313,13.528399,7.018997,Calibration,sand
1761,22.317745,-3.4591045,9.42932,9.209999,Calibration,sand
1762,27.275715,-1.0779905,13.098863,5.279999,Calibration,sand
1763,21.780201,-5.010438,8.384881,5.209999,Calibration,sand
1764,86.3217,62.224964,74.27333,78.840004,Calibration,sand
1765,31.233149,4.9065723,18.06986,18.323997,Calibration,sand
1766,37.835365,9.303675,23.56952,18.349998,Calibration,sand
1767,23.926773,-5.052987,9.436893,11.559998,Calibration,sand
1768,26.695915,1.7975206,14.246717,6.1399994,Calibration,sand
1769,31.234201,5.1499844,18.192093,17.0,Calibration,sand
1770,20.58676,-5.926189,7.3302855,2.0699997,Calibration,sand
1771,35.184177,9.384616,22.284397,22.629997,Calibration,sand
1772,66.4563,41.696575,54.076435,55.98,Calibration,sand
1773,21.487885,-3.8730755,8.8074045,7.209999,Calibration,sand
1774,39.98114,15.167381,27.57426,31.0,Calibration,sand
1775,100.21011,76.525314,88.367714,94.338,Calibration,sand
1776,23.956196,-3.087717,10.434239,11.0,Calibration,sand
1777,43.886757,18.519714,31.203236,35.42,Calibration,sand
1778,30.269527,3.3671465,16.818336,15.0,Calibration,sand
1779,37.03749,9.665915,23.351704,16.769997,Calibration,sand
1780,24.443293,-0.06202507,12.190634,10.969002,Calibration,sand
1781,34.149395,7.490921,20.820158,19.769997,Calibration,sand
1782,26.2431,-0.7225809,12.76026,12.0,Calibration,sand
1783,83.24576,59.27452,71.26014,75.63,Calibration,sand
1784,29.273312,3.1416922,16.207502,21.0,Calibration,sand
1785,28.404156,1.0015116,14.702833,14.0,Calibration,sand
1786,56.383175,31.68655,44.034863,44.56,Calibration,sand
1787,21.234003,-6.136622,7.5486903,3.0,Calibration,sand
1788,32.32543,7.3772,19.851316,19.419998,Calibration,sand
1789,48.626553,23.515835,36.071194,67.0,Calibration,sand
1790,57.902863,33.31997,45.611416,43.91,Calibration,sand
1791,38.461662,13.147215,25.804438,24.0,Calibration,sand
1792,24.500763,-0.39223194,12.054265,5.279999,Calibration,sand
1793,72.048096,47.19953,59.623814,58.59,Calibration,sand
1794,27.861301,1.507987,14.684645,71.700005,Calibration,sand
1795,44.426678,18.580593,31.503635,29.699997,Calibration,sand
1796,25.532291,-1.9285345,11.801879,13.641998,Calibration,sand
1797,71.44801,46.694736,59.071377,54.63,Calibration,sand
1798,21.909832,-7.086437,7.4116974,8.419998,Calibration,sand
1799,70.21492,46.00689,58.110905,70.03,Calibration,sand
1800,51.223503,24.64691,37.935207,43.56,Calibration,sand
1801,95.37564,70.14049,82.758064,90.49,Calibration,sand
1802,27.060059,1.7697983,14.414928,19.0,Calibration,sand
1803,46.842377,21.198837,34.020607,31.400002,Calibration,sand
1804,36.868572,11.108063,23.988317,34.12,Calibration,sand
1805,20.519173,-5.5259776,7.496598,7.28,Calibration,sand
1806,27.652126,2.317522,14.984824,17.017998,Calibration,sand
1807,52.798523,27.74768,40.2731,44.56,Calibration,sand
1808,52.77575,26.874159,39.824955,37.91,Calibration,sand
1809,34.255947,7.21206,20.734003,19.349998,Calibration,sand
1810,23.322193,-3.5424814,9.889856,8.989998,Calibration,sand
1811,23.65817,-3.8481922,9.904989,11.419998,Calibration,sand
1812,31.033798,4.4494095,17.741604,21.0,Calibration,sand
1813,41.24781,14.6432,27.945505,38.17,Calibration,sand
1814,39.34805,13.248109,26.298079,28.839996,Calibration,sand
1815,29.882494,2.970438,16.426466,13.0,Calibration,sand
1816,26.949173,0.016804695,13.482989,17.0,Calibration,sand
1817,90.084885,65.29205,77.68847,75.945,Calibration,sand
1818,44.078403,17.037506,30.557955,37.56,Calibration,sand
1819,44.28312,18.568274,31.425697,31.82,Calibration,sand
1820,17.35905,-7.629644,4.8647037,5.1399994,Calibration,sand
1821,77.478195,53.634155,65.556175,75.42,Calibration,sand
1822,79.60534,55.507133,67.55624,69.63,Calibration,sand
1823,30.53392,4.098175,17.316048,20.0,Calibration,sand
1824,52.5967,28.379734,40.488216,32.84,Calibration,sand
1825,30.542208,3.8770504,17.20963,17.910004,Calibration,sand
1826,19.992813,-4.522608,7.7351027,5.21,Calibration,sand
1827,73.910034,49.294106,61.60207,72.28,Calibration,sand
1828,23.479683,-1.9958982,10.741892,9.279999,Calibration,sand
1829,55.88641,30.578823,43.232616,43.0,Calibration,sand
1830,22.681719,-3.3414364,9.670141,12.209999,Calibration,sand
1831,31.907776,6.517514,19.212645,19.0,Calibration,sand
1832,22.734133,-1.4473057,10.643414,8.139999,Calibration,sand
1833,20.172747,-5.623219,7.2747636,15.629997,Calibration,sand
1834,21.16467,-5.2666526,7.9490094,6.0,Calibration,sand
1835,49.09223,23.624344,36.358288,35.839996,Calibration,sand
1836,26.978504,1.1024027,14.040453,18.0,Calibration,sand
1837,24.394836,-4.876994,9.758921,9.489998,Calibration,sand
1838,22.504536,-5.6348658,8.434835,3.209999,Calibration,sand
1839,33.209408,8.139491,20.67445,21.349998,Calibration,sand
1840,22.305386,-4.765831,8.769777,9.349998,Calibration,sand
1841,36.434868,10.719223,23.577045,26.0,Calibration,sand
1842,37.41208,12.018174,24.715126,34.0,Calibration,sand
1843,45.670246,20.43851,33.05438,37.17,Calibration,sand
1844,22.055248,-6.634955,7.7101464,1.0699997,Calibration,sand
1845,57.841034,32.316544,45.07879,53.943,Calibration,sand
1846,75.71005,49.910736,62.810394,65.700005,Calibration,sand
1847,56.485527,30.284632,43.38508,45.77,Calibration,sand
1848,26.503803,-0.53057384,12.986614,9.181,Calibration,sand
1849,40.53438,15.793743,28.164062,32.489998,Calibration,sand
1850,23.013432,-6.113636,8.449898,12.419998,Calibration,sand
1851,22.72798,-1.9027996,10.41259,11.209999,Calibration,sand
1852,22.482254,-7.6904917,7.3958807,5.209999,Calibration,sand
1853,18.069218,-7.969544,5.0498366,0.4209976,Calibration,sand
1854,19.360346,-4.83836,7.260993,5.1399994,Calibration,sand
1855,56.16059,31.41629,43.78844,53.54,Calibration,sand
1856,28.960958,-1.2218513,13.869554,14.769997,Calibration,sand
1857,21.924505,-4.9447575,8.489874,11.489998,Calibration,sand
1858,89.28207,65.54775,77.41491,87.49,Calibration,sand
1859,100.66784,76.90748,88.78766,97.617,Calibration,sand
1860,20.14957,-6.980481,6.584545,5.279999,Calibration,sand
1861,21.48074,-6.1412086,7.6697655,8.210999,Calibration,sand
1862,28.982193,2.6713362,15.826765,18.0,Calibration,sand
1863,27.271656,1.9635391,14.617598,9.435997,Calibration,sand
1864,93.149704,69.78522,81.46746,82.28,Calibration,sand
1865,21.822151,-6.791031,7.51556,7.3059998,Calibration,sand
1866,17.645754,-7.698057,4.9738483,1.0699997,Calibration,sand
1867,48.34688,22.023869,35.185375,31.489998,Calibration,sand
1868,64.23868,39.65972,51.9492,50.0,Calibration,sand
1869,93.36044,69.57144,81.46594,82.42,Calibration,sand
1870,22.50356,-7.2726088,7.6154757,5.279999,Calibration,sand
1871,60.073486,34.77758,47.425533,40.84,Calibration,sand
1872,46.324776,20.680382,33.50258,35.17,Calibration,sand
1873,36.776535,10.630243,23.703388,22.559998,Calibration,sand
1874,42.80321,17.116856,29.960033,24.91,Calibration,sand
1875,56.681274,31.965849,44.323563,51.7,Calibration,sand
1876,86.76968,62.204582,74.48713,72.0,Calibration,sand
1877,18.4033,-6.8814063,5.7609468,1.0,Calibration,sand
1878,83.69419,59.510647,71.60242,66.0,Calibration,sand
1879,32.647697,7.1824703,19.915083,25.0,Calibration,sand
1880,24.883968,0.13316727,12.508568,7.0699997,Calibration,sand
1881,41.7411,16.095016,28.918058,25.559998,Calibration,sand
1882,21.669506,-3.2483587,9.210573,7.35,Calibration,sand
1883,18.997938,-6.779672,6.1091332,1.0699997,Calibration,sand
1884,17.472534,-6.9182653,5.277134,4.0699997,Calibration,sand
1885,73.90791,49.176197,61.542057,61.98,Calibration,sand
1886,44.894474,19.26147,32.077972,31.769997,Calibration,sand
1887,20.72094,-6.8642383,6.928351,5.8430023,Calibration,sand
1888,24.535423,-1.4539366,11.540744,10.279999,Calibration,sand
1889,40.115337,15.070249,27.592793,25.489998,Calibration,sand
1890,102.438194,78.72599,90.58209,95.9904,Calibration,sand
1891,70.32707,45.4243,57.875687,64.0,Calibration,sand
1892,65.57147,40.93054,53.251007,54.49,Calibration,sand
1893,97.79036,73.85593,85.82314,90.0,Calibration,sand
1894,77.516266,51.769993,64.64313,67.14,Calibration,sand
1895,33.27959,6.3025513,19.79107,17.419998,Calibration,sand
1896,18.194714,-6.6283846,5.783164,3.0699997,Calibration,sand
1897,21.642124,-3.4500647,9.096029,4.07,Calibration,sand
1898,30.862064,5.052455,17.95726,16.699997,Calibration,sand
1899,28.735981,2.9671068,15.851544,8.0,Calibration,sand
1900,17.086367,-7.4545894,4.815889,0.01,Calibration,sand
1901,28.265598,3.1425972,15.704098,10.489998,Calibration,sand
1902,30.354557,4.879939,17.617249,23.489998,Calibration,sand
1903,25.151981,-2.094118,11.528932,11.699997,Calibration,sand
1904,31.406658,5.1738367,18.290247,17.419998,Calibration,sand
1905,22.824924,-4.156888,9.334019,26.400002,Calibration,sand
1906,79.93454,56.114532,68.024536,70.47,Calibration,sand
1907,72.35008,47.275833,59.812958,60.35,Calibration,sand
1908,20.027397,-8.219953,5.903722,3.0699997,Calibration,sand
1909,29.162586,1.9646959,15.563642,18.839996,Calibration,sand
1910,28.98057,1.9427204,15.461645,17.0,Calibration,sand
1911,102.073,77.85736,89.96518,97.060295,Calibration,sand
1912,65.777725,41.797684,53.787704,60.24,Calibration,sand
1913,36.804607,10.687252,23.74593,25.21,Calibration,sand
1914,34.725845,8.931561,21.828703,12.699997,Calibration,sand
1915,18.493618,-6.566339,5.9636397,0.01,Calibration,sand
1916,23.910107,-3.1660986,10.3720045,8.0,Calibration,sand
1917,40.817513,15.896599,28.357056,27.0,Calibration,sand
1918,50.11032,25.243887,37.677105,43.45,Calibration,sand
1919,29.061874,-0.27595043,14.392962,21.489998,Calibration,sand
1920,31.87902,5.3713684,18.625195,13.0,Calibration,sand
1921,69.81437,45.019867,57.417118,67.35,Calibration,sand
1922,68.144806,43.371376,55.75809,61.7,Calibration,sand
1923,73.92074,49.282356,61.601547,59.66,Calibration,sand
1924,21.29855,-5.452119,7.923215,6.209999,Calibration,sand
1925,59.789307,35.1604,47.474854,50.98,Calibration,sand
1926,39.684986,13.473119,26.579052,30.699997,Calibration,sand
1927,65.03982,40.029205,52.53451,57.49,Calibration,sand
1928,101.6852,77.94836,89.81678,94.0,Calibration,sand
1929,21.627277,-4.093974,8.766651,5.3499985,Calibration,sand
1930,21.441107,-7.21505,7.113028,2.0699997,Calibration,sand
1931,20.80734,-5.377033,7.7151537,2.1399994,Calibration,sand
1932,36.04019,11.510936,23.775564,19.77,Calibration,sand
1933,70.28043,45.274586,57.77751,60.42,Calibration,sand
1934,32.909126,6.811495,19.860312,27.769997,Calibration,sand
1935,22.642265,-1.2585926,10.691836,9.279999,Calibration,sand
1936,93.10463,69.5815,81.34306,85.42,Calibration,sand
1937,41.004864,16.298374,28.651619,29.769997,Calibration,sand
1938,16.933998,-7.262866,4.8355656,1.0699997,Calibration,sand
1939,41.340157,15.676277,28.508217,24.0,Calibration,sand
1940,34.142742,7.8127403,20.977741,23.050003,Calibration,sand
1941,23.482582,-1.124959,11.178812,8.139999,Calibration,sand
1942,60.987617,36.230263,48.60894,46.0,Calibration,sand
1943,61.906548,37.45529,49.68092,58.0,Calibration,sand
1944,20.548832,-4.9879255,7.7804537,8.209999,Calibration,sand
1945,47.082123,22.225393,34.65376,32.699997,Calibration,sand
1946,61.950397,36.978535,49.464466,49.56,Calibration,sand
1947,22.705969,-4.6427574,9.031606,6.279999,Calibration,sand
1948,30.337605,2.4009848,16.369295,14.583,Calibration,sand
1949,27.014019,1.0510197,14.032519,16.629997,Calibration,sand
1950,90.09048,65.79476,77.94262,76.700005,Calibration,sand
1951,27.879658,1.6861982,14.7829275,12.419998,Calibration,sand
1952,33.088005,6.220646,19.654325,14.0,Calibration,sand
1953,65.919785,40.47996,53.199875,53.12,Calibration,sand
1954,22.060734,-4.0828457,8.988944,5.3499985,Calibration,sand
1955,29.537205,3.696679,16.616941,13.419998,Calibration,sand
1956,97.51804,72.99235,85.255196,90.0,Calibration,sand
1957,22.16127,-3.8035517,9.17886,2.1399994,Calibration,sand
1958,39.570263,14.312893,26.941578,32.839996,Calibration,sand
1959,30.560345,5.148323,17.854334,16.489998,Calibration,sand
1960,61.92448,37.37833,49.651405,39.56,Calibration,sand
1961,54.134808,28.961811,41.54831,42.0,Calibration,sand
1962,30.05339,2.5079803,16.280685,19.791,Calibration,sand
1963,30.840225,4.579442,17.709833,10.56,Calibration,sand
1964,36.600933,11.152187,23.87656,20.980003,Calibration,sand
1965,39.598976,14.59759,27.098284,25.489998,Calibration,sand
1966,28.418976,2.4479513,15.433463,17.0,Calibration,sand
1967,32.74179,4.982524,18.862158,18.769997,Calibration,sand
1968,27.442436,2.525588,14.984012,14.489998,Calibration,sand
1969,26.001575,0.21599293,13.108784,9.419998,Calibration,sand
1970,18.838387,-5.6685696,6.5849085,2.0699997,Calibration,sand
1971,48.981907,24.06963,36.52577,40.0,Calibration,sand
1972,38.039936,12.451374,25.245655,15.07,Calibration,sand
1973,91.51876,67.411,79.46488,87.0,Calibration,sand
1974,55.55771,30.36016,42.958935,49.87,Calibration,sand
1975,26.262321,0.39674664,13.329535,19.0,Calibration,sand
1976,26.25047,-0.7263861,12.762041,13.0,Calibration,sand
1977,56.862633,31.606543,44.23459,44.63,Calibration,sand
1978,25.096878,-0.5541477,12.271365,8.692001,Calibration,sand
1979,55.856873,31.36377,43.61032,51.0,Calibration,sand
1980,37.627174,11.895813,24.761494,26.0,Calibration,sand
1981,25.304848,-2.8862581,11.209295,11.848999,Calibration,sand
1982,19.690557,-8.557819,5.566369,0.01,Calibration,sand
1983,24.703272,-2.4366798,11.133296,11.0,Calibration,sand
1984,18.807222,-7.069176,5.869023,1.0699997,Calibration,sand
1985,93.516495,69.88722,81.70186,88.0,Calibration,sand
1986,23.348267,-5.683545,8.83236,8.0,Calibration,sand
1987,37.363396,11.322813,24.343103,38.98,Calibration,sand
1988,22.883621,-5.128913,8.877354,10.0,Calibration,sand
1989,58.708584,33.764828,46.236706,45.98,Calibration,sand
1990,21.312918,-6.795824,7.258547,3.1399994,Calibration,sand
1991,30.551947,3.8022976,17.177122,23.0,Calibration,sand
1992,41.527378,15.774863,28.651121,23.14,Calibration,sand
1993,17.076706,-7.3939962,4.8413553,1.0699997,Calibration,sand
1994,32.350975,5.32156,18.836267,22.419998,Calibration,sand
1995,31.431973,6.646554,19.039263,16.489998,Calibration,sand
1996,98.316505,74.41712,86.36681,84.0,Calibration,sand
1997,89.358246,64.99373,77.17599,77.56,Calibration,sand
1998,21.64953,-5.892519,7.8785057,8.389999,Calibration,sand
1999,53.247982,27.105389,40.176685,39.63,Calibration,sand
2000,22.744219,-3.264326,9.739946,7.209999,Calibration,sand
2001,18.722763,-5.520387,6.601188,2.0699997,Calibration,sand
2002,30.620583,3.919486,17.270035,17.0,Calibration,sand
2003,34.567596,9.217189,21.892393,23.7,Calibration,sand
2004,29.524343,2.8412304,16.182787,12.0,Calibration,sand
2005,38.650322,13.072128,25.861225,28.0,Calibration,sand
2006,24.095587,-2.546669,10.774459,13.279999,Calibration,sand
2007,30.878235,4.3974113,17.637823,24.0,Calibration,sand
2008,42.809784,16.448706,29.629244,29.769997,Calibration,sand
2009,17.833582,-7.022927,5.4053273,1.0699997,Calibration,sand
2010,21.418037,-4.4335203,8.492259,8.279999,Calibration,sand
2011,23.626501,-4.3030224,9.661739,8.279999,Calibration,sand
2012,26.84676,0.19611645,13.521438,14.7,Calibration,sand
2013,82.48754,58.571007,70.529274,72.979996,Calibration,sand
2014,64.38621,38.871044,51.628628,56.98,Calibration,sand
2015,19.46502,-8.374591,5.5452137,5.209999,Calibration,sand
2016,28.311445,3.107685,15.709565,14.419998,Calibration,sand
2017,53.1193,27.436523,40.277912,45.0,Calibration,sand
2018,59.2517,34.645767,46.948734,48.26,Calibration,sand
2019,17.17024,-7.3790493,4.8955956,0.01,Calibration,sand
2020,76.87412,51.975914,64.42502,70.394,Calibration,sand
2021,74.260735,49.66092,61.960827,62.91,Calibration,sand
2022,77.66835,53.481293,65.57482,69.049995,Calibration,sand
2023,21.751408,-6.8884134,7.4314966,7.0,Calibration,sand
2024,25.57311,-1.6356049,11.968753,12.0,Calibration,sand
2025,37.090553,12.599221,24.844887,25.0,Calibration,sand
2026,55.209343,30.814787,43.012066,37.285,Calibration,sand
2027,53.64222,28.564125,41.103172,43.26,Calibration,sand
2028,32.24336,4.92043,18.581894,21.053001,Calibration,sand
2029,45.172104,19.987549,32.579826,39.31,Calibration,sand
2030,29.047142,3.6119642,16.329554,16.629997,Calibration,sand
2031,37.381878,11.771622,24.57675,27.629997,Calibration,sand
2032,31.87215,3.659356,17.765753,13.839996,Calibration,sand
2033,30.4488,5.1867104,17.817755,16.349998,Calibration,sand
2034,86.89985,61.05546,73.97765,85.35,Calibration,sand
2035,43.8795,19.041399,31.460451,33.0,Calibration,sand
2036,29.956715,4.651599,17.304157,16.629997,Calibration,sand
2037,51.85967,26.931393,39.39553,39.98,Calibration,sand
2038,23.533676,-2.5426855,10.495495,9.0,Calibration,sand
2039,47.8274,22.107527,34.967464,30.489998,Calibration,sand
2040,65.13443,40.24842,52.691425,53.0,Calibration,sand
2041,74.93131,49.727898,62.329605,65.840004,Calibration,sand
2042,20.385353,-6.176466,7.1044436,1.0,Calibration,sand
2043,73.928345,47.634285,60.781315,56.63,Calibration,sand
2044,27.89896,2.732338,15.315649,13.489998,Calibration,sand
2045,24.366455,-3.3982983,10.484078,11.699997,Calibration,sand
2046,17.337732,-7.57451,4.8816113,1.0699997,Calibration,sand
2047,34.673626,9.272521,21.973074,20.0,Calibration,sand
2048,35.571278,9.938943,22.75511,23.98,Calibration,sand
2049,50.55101,26.143188,38.3471,36.84,Calibration,sand
2050,24.994093,-2.343565,11.325264,32.42,Calibration,sand
2051,28.4623,1.9218607,15.1920805,17.0,Calibration,sand
2052,28.458714,1.4984903,14.978601,12.629997,Calibration,sand
2053,25.73962,-2.1112213,11.814199,9.1380005,Calibration,sand
2054,28.2971,0.89097786,14.594039,12.42,Calibration,sand
2055,96.99781,73.28365,85.14073,92.63,Calibration,sand
2056,31.056118,4.843814,17.949966,20.0,Calibration,sand
2057,68.438484,43.221184,55.829834,56.98,Calibration,sand
2058,62.593033,37.300003,49.946518,51.77,Calibration,sand
2059,18.686636,-6.5871296,6.049753,7.3499985,Calibration,sand
2060,17.28434,-7.373624,4.9553576,1.0699997,Calibration,sand
2061,25.505627,-0.6091337,12.448247,12.209999,Calibration,sand
2062,65.990555,40.706566,53.34856,47.63,Calibration,sand
2063,17.751793,-7.5663004,5.092746,1.0699997,Calibration,sand
2064,22.618671,-1.9500046,10.334333,7.209999,Calibration,sand
2065,19.298714,-5.526054,6.88633,4.0979996,Calibration,sand
2066,50.87268,26.246035,38.559357,45.56,Calibration,sand
2067,21.80426,-4.93167,8.4362955,6.279999,Calibration,sand
2068,25.417925,0.9704094,13.194167,4.3050003,Calibration,sand
2069,27.30135,1.1516027,14.226477,16.0,Calibration,sand
2070,31.967384,7.0842886,19.525837,20.419998,Calibration,sand
2071,21.094667,-6.9557433,7.0694623,10.0,Calibration,sand
2072,23.54034,-4.692007,9.424167,9.595001,Calibration,sand
2073,27.930725,1.5420628,14.736394,17.0,Calibration,sand
2074,37.433746,11.085407,24.259577,24.489998,Calibration,sand
2075,29.800999,3.5525436,16.676771,18.0,Calibration,sand
2076,32.401947,4.932042,18.666994,14.310997,Calibration,sand
2077,22.783892,-2.3097744,10.237059,6.018997,Calibration,sand
2078,82.0187,58.106575,70.06264,83.49,Calibration,sand
2079,46.22833,20.616192,33.42226,23.384003,Calibration,sand
2080,54.612965,29.686626,42.149796,38.49,Calibration,sand
2081,62.401196,37.60484,50.003017,50.26,Calibration,sand
2082,86.62864,61.257984,73.94331,84.21,Calibration,sand
2083,18.542728,-6.3018985,6.120415,4.1399994,Calibration,sand
2084,39.45938,14.111422,26.7854,23.769997,Calibration,sand
2085,86.4667,59.8814,73.17405,83.28,Calibration,sand
2086,26.862175,1.4626875,14.162432,14.0,Calibration,sand
2087,28.935772,0.22830963,14.582041,9.375999,Calibration,sand
2088,37.11859,11.762705,24.440647,24.629997,Calibration,sand
2089,92.273125,67.60848,79.9408,86.42,Calibration,sand
2090,20.253714,-6.6377015,6.808006,0.01,Calibration,sand
2091,53.765907,27.77935,40.77263,35.980003,Calibration,sand
2092,26.889862,2.0009403,14.445401,11.279999,Calibration,sand
2093,22.20512,-4.2271147,8.989002,6.058998,Calibration,sand
2094,86.26514,62.54567,74.4054,77.12,Calibration,sand
2095,31.828247,4.564457,18.196352,18.279999,Calibration,sand
2096,26.81118,0.55105877,13.681119,16.0,Calibration,sand
2097,18.748547,-7.935452,5.406547,0.01,Calibration,sand
2098,58.788483,33.54795,46.168217,44.56,Calibration,sand
2099,42.957977,17.54337,30.250673,30.769997,Calibration,sand
2100,54.21826,29.808945,42.013603,41.56,Calibration,sand
2101,16.895008,-7.6628036,4.616102,0.01,Calibration,sand
2102,69.8038,44.865845,57.334824,61.31,Calibration,sand
2103,58.138165,33.309795,45.72398,45.26,Calibration,sand
2104,24.499477,-0.33082104,12.084329,12.349998,Calibration,sand
2105,31.516582,6.897194,19.206888,14.49,Calibration,sand
2106,47.189754,22.621883,34.90582,36.21,Calibration,sand
2107,20.653553,-4.3628902,8.145331,3.1419983,Calibration,sand
2108,22.127392,-7.1397038,7.493844,7.8359985,Calibration,sand
2109,39.78894,13.895441,26.84219,21.7,Calibration,sand
2110,27.462988,0.75704193,14.110015,15.0,Calibration,sand
2111,27.110966,0.008896828,13.559931,12.0,Calibration,sand
2112,42.80776,17.57409,30.190924,35.4,Calibration,sand
2113,31.83611,5.449627,18.642868,22.349998,Calibration,sand
2114,39.18953,13.279479,26.234505,36.56,Calibration,sand
2115,27.3499,-3.6129446,11.868477,12.785004,Calibration,sand
2116,60.272423,35.477608,47.875015,52.63,Calibration,sand
2117,48.551933,23.899826,36.22588,34.91,Calibration,sand
2118,28.683956,1.8157492,15.249853,13.314003,Calibration,sand
2119,26.366943,0.68509007,13.526017,17.0,Calibration,sand
2120,72.29105,47.61573,59.953392,64.490005,Calibration,sand
2121,94.78658,70.83599,82.81129,83.0,Calibration,sand
2122,58.34188,32.90117,45.621525,42.77,Calibration,sand
2123,22.12188,-7.8118963,7.154992,6.3499985,Calibration,sand
2124,88.12809,64.19009,76.15909,72.979996,Calibration,sand
2125,19.653564,-6.6953206,6.4791217,7.279999,Calibration,sand
2126,62.382828,37.584244,49.983536,44.05,Calibration,sand
2127,38.15433,11.695312,24.924822,33.910004,Calibration,sand
2128,60.42215,34.416367,47.41926,50.28,Calibration,sand
2129,18.419088,-6.6601253,5.879482,0.01,Calibration,sand
2130,25.19866,-2.1220932,11.538283,19.0,Calibration,sand
2131,80.3458,56.272076,68.30894,67.0,Calibration,sand
2132,36.64074,9.707767,23.174253,22.559998,Calibration,sand
2133,33.342705,6.2626476,19.802677,23.349998,Calibration,sand
2134,86.156235,62.45613,74.30618,78.0,Calibration,sand
2135,21.882357,-7.5508494,7.165754,5.0,Calibration,sand
2136,41.987003,15.751423,28.869213,29.19,Calibration,sand
2137,38.053825,12.322967,25.188396,29.629997,Calibration,sand
2138,34.337116,8.856458,21.596786,23.349998,Calibration,sand
2139,27.739664,0.24150848,13.990586,17.91,Calibration,sand
2140,47.769924,22.362377,35.06615,38.63,Calibration,sand
2141,22.581118,-5.925358,8.32788,11.207001,Calibration,sand
2142,23.221867,-1.022707,11.09958,16.559998,Calibration,sand
2143,44.949257,19.74598,32.34762,31.629997,Calibration,sand
2144,76.80435,52.507183,64.65577,58.54,Calibration,sand
2145,79.57484,55.26514,67.41999,79.49,Calibration,sand
2146,64.00813,39.437946,51.723038,51.28,Calibration,sand
2147,64.3122,38.81883,51.565514,52.56,Calibration,sand
2148,81.80612,57.322098,69.56411,66.700005,Calibration,sand
2149,19.886118,-8.853716,5.516201,0.01,Calibration,sand
2150,30.2998,4.9155188,17.60766,25.0,Calibration,sand
2151,45.555862,18.3973,31.976582,33.61,Calibration,sand
2152,28.221619,0.27752113,14.24957,9.419998,Calibration,sand
2153,35.99932,9.747795,22.873558,16.279999,Calibration,sand
2154,48.828255,24.026108,36.42718,34.12,Calibration,sand
2155,59.014366,32.55728,45.785824,51.4,Calibration,sand
2156,35.810413,10.524919,23.167665,24.0,Calibration,sand
2157,19.64757,-7.519485,6.0640426,2.1399994,Calibration,sand
2158,28.386368,1.4815683,14.933968,25.61,Calibration,sand
2159,24.827293,-3.3012075,10.763042,14.394997,Calibration,sand
2160,68.27456,43.43412,55.85434,57.84,Calibration,sand
2161,40.911495,16.19511,28.553303,25.559998,Calibration,sand
2162,61.448776,36.603706,49.02624,44.4,Calibration,sand
2163,82.36929,58.315155,70.342224,85.28,Calibration,sand
2164,21.851725,-2.2809658,9.785379,2.0699997,Calibration,sand
2165,37.818417,12.14626,24.982338,19.419998,Calibration,sand
2166,24.769575,-5.4268208,9.671377,6.3499985,Calibration,sand
2167,54.084694,29.6989,41.891796,48.56,Calibration,sand
2168,51.26594,25.55334,38.40964,35.61,Calibration,sand
2169,24.547848,-0.99594307,11.775952,8.279999,Calibration,sand
2170,44.149284,18.846298,31.497791,24.980003,Calibration,sand
2171,21.811302,-3.2887678,9.261267,7.279999,Calibration,sand
2172,21.096043,-6.4217286,7.337157,2.14,Calibration,sand
2173,60.411148,35.141006,47.776077,47.42,Calibration,sand
2174,18.976746,-7.3752627,5.8007417,3.0,Calibration,sand
2175,21.56744,-2.7603788,9.40353,9.349998,Calibration,sand
2176,27.837347,1.3451595,14.591253,15.818001,Calibration,sand
2177,40.65194,14.982857,27.817398,30.050003,Calibration,sand
2178,25.05343,-1.8370457,11.608192,39.24,Calibration,sand
2179,66.13092,41.56443,53.847675,51.98,Calibration,sand
2180,37.063442,10.46999,23.766716,17.0,Calibration,sand
2181,35.28858,9.797022,22.542803,21.489998,Calibration,sand
2182,28.654247,1.8099575,15.232102,15.769997,Calibration,sand
2183,31.104088,5.9782343,18.54116,14.139999,Calibration,sand
2184,37.064552,12.326024,24.695288,23.7,Calibration,sand
2185,40.825256,15.143053,27.984154,26.0,Calibration,sand
2186,76.115654,51.734177,63.924915,64.119995,Calibration,sand
2187,24.12722,-3.6873636,10.219928,11.0,Calibration,sand
2188,45.679615,20.12202,32.900818,38.89,Calibration,sand
2189,27.133472,0.19714355,13.665308,14.0,Calibration,sand
2190,22.96283,-8.32295,7.3199396,6.626999,Calibration,sand
2191,49.585423,24.143139,36.86428,41.49,Calibration,sand
2192,99.51491,75.68994,87.602425,90.49,Calibration,sand
2193,29.186417,3.6697721,16.428095,14.279999,Calibration,sand
2194,17.117693,-7.286243,4.915725,0.009999,Calibration,sand
2195,20.710863,-6.5515018,7.079681,2.14,Calibration,sand
2196,42.81597,17.698416,30.257193,29.629997,Calibration,sand
2197,100.9806,76.36138,88.67099,94.21,Calibration,sand
2198,82.814575,59.079315,70.946945,75.75,Calibration,sand
2199,56.89148,30.551596,43.72154,46.12,Calibration,sand
2200,21.271076,-4.6790457,8.296016,11.419998,Calibration,sand
2201,27.380226,2.706399,15.043313,15.0,Calibration,sand
2202,57.45446,32.33777,44.896114,52.82,Calibration,sand
2203,27.00925,0.9433069,13.976279,13.985001,Calibration,sand
2204,24.417313,-3.5842113,10.416551,10.0,Calibration,sand
2205,99.229546,75.45103,87.34029,90.0,Calibration,sand
2206,33.361023,8.12162,20.741322,19.910004,Calibration,sand
2207,31.190323,4.6217813,17.906052,18.0,Calibration,sand
2208,21.038258,-7.0375147,7.000371,7.3499985,Calibration,sand
2209,16.441954,-7.6751876,4.3833833,1.0,Calibration,sand
2210,23.969059,-4.2298737,9.869593,9.688004,Calibration,sand
2211,34.59326,9.22783,21.910545,24.849998,Calibration,sand
2212,24.250257,-2.1572208,11.046518,5.209999,Calibration,sand
2213,87.93817,63.109818,75.523994,85.28,Calibration,sand
2214,97.31075,73.66079,85.48577,91.28,Calibration,sand
2215,31.428411,4.2856045,17.857008,20.559998,Calibration,sand
2216,23.911327,-4.5089455,9.701191,6.941002,Calibration,sand
2217,103.39448,78.818855,91.10667,99.98,Calibration,sand
2218,38.62032,14.274399,26.44736,24.559998,Calibration,sand
2219,61.832314,36.01812,48.925217,58.299,Calibration,sand
2220,19.656649,-7.4059677,6.1253405,3.0699997,Calibration,sand
2221,26.387184,1.3182726,13.852728,11.42,Calibration,sand
2222,32.236053,5.802883,19.019468,19.0,Calibration,sand
2223,38.81056,13.073405,25.941982,22.0,Calibration,sand
2224,30.668468,4.5844736,17.62647,19.0,Calibration,sand
2225,19.139782,-7.988329,5.5757265,1.0699997,Calibration,sand
2226,56.64079,32.11141,44.3761,44.63,Calibration,sand
2227,90.20509,66.6624,78.43375,92.14,Calibration,sand
2228,28.586817,2.1152,15.351008,14.28,Calibration,sand
2229,34.509678,8.238925,21.374302,24.120003,Calibration,sand
2230,31.53043,5.9901896,18.76031,17.769997,Calibration,sand
2231,27.46132,0.5815258,14.021423,21.0,Calibration,sand
2232,55.435696,31.229946,43.33282,43.49,Calibration,sand
2233,35.299812,8.355987,21.8279,34.559998,Calibration,sand
2234,20.621788,-5.346334,7.6377273,8.279999,Calibration,sand
2235,25.07565,-2.9041739,11.085738,16.839996,Calibration,sand
2236,36.72793,10.37152,23.549725,24.419998,Calibration,sand
2237,73.7449,47.743,60.743954,57.12,Calibration,sand
2238,23.907215,-2.4832735,10.711971,10.42,Calibration,sand
2239,86.78059,62.682568,74.731575,88.42,Calibration,sand
2240,27.1795,-0.027516365,13.575993,15.910004,Calibration,sand
2241,58.197052,33.47754,45.837296,54.17,Calibration,sand
2242,88.812675,64.76882,76.79075,85.7,Calibration,sand
2243,49.55454,25.64111,37.597824,32.699997,Calibration,sand
2244,17.588223,-6.705491,5.441366,1.0,Calibration,sand
2245,98.96505,75.21694,87.090996,91.0,Calibration,sand
2246,27.306614,1.3936396,14.350127,8.42,Calibration,sand
2247,27.634735,0.5975294,14.116132,12.0,Calibration,sand
2248,20.423086,-6.7945995,6.8142433,1.0699997,Calibration,sand
2249,35.211037,8.872547,22.041792,20.559998,Calibration,sand
2250,43.90078,18.422287,31.161533,23.489998,Calibration,sand
2251,17.983282,-6.859192,5.562045,2.0699997,Calibration,sand
2252,61.269028,35.55133,48.41018,45.47,Calibration,sand
2253,69.23067,45.05755,57.144108,58.977,Calibration,sand
2254,26.162273,-0.38847637,12.886899,15.0,Calibration,sand
2255,32.607502,6.0896835,19.348593,20.0,Calibration,sand
2256,46.435123,19.707691,33.071407,31.910004,Calibration,sand
2257,19.940763,-4.7733955,7.583684,1.07,Calibration,sand
2258,24.68822,-1.8079281,11.4401455,4.0,Calibration,sand
2259,26.178835,-2.5958939,11.791471,9.489998,Calibration,sand
2260,22.417042,-8.858668,6.779187,2.191002,Calibration,sand
2261,42.848145,18.285841,30.566994,29.84,Calibration,sand
2262,39.003128,13.288355,26.14574,40.77,Calibration,sand
2263,40.952896,16.15892,28.555908,26.279999,Calibration,sand
2264,20.473846,-5.7538934,7.3599763,5.0699997,Calibration,sand
2265,45.436275,20.477245,32.95676,37.0,Calibration,sand
2266,37.735332,12.172404,24.953869,21.21,Calibration,sand
2267,65.71058,41.1895,53.45004,57.42,Calibration,sand
2268,75.82892,51.882195,63.855556,62.91,Calibration,sand
2269,32.013386,5.5423346,18.77786,20.0,Calibration,sand
2270,21.821232,-7.1045136,7.358359,6.3499985,Calibration,sand
2271,17.533722,-7.133588,5.2000675,2.1399994,Calibration,sand
2272,58.363087,33.756855,46.05997,48.68,Calibration,sand
2273,28.647861,1.9766235,15.3122425,18.0,Calibration,sand
2274,23.480423,-2.6363363,10.422044,5.7870026,Calibration,sand
2275,83.86451,59.80346,71.833984,92.35,Calibration,sand
2276,54.324253,29.531628,41.92794,42.0,Calibration,sand
2277,29.233889,1.7092781,15.471583,14.699997,Calibration,sand
2278,51.19863,25.011398,38.105015,40.91,Calibration,sand
2279,25.891903,0.78811455,13.340009,7.0699997,Calibration,sand
2280,25.232151,-2.8796349,11.176258,12.169998,Calibration,sand
2281,19.10254,-6.6601834,6.2211776,5.1399994,Calibration,sand
2282,21.939026,-5.349469,8.294778,3.21,Calibration,sand
2283,17.38089,-7.302171,5.0393596,2.0699997,Calibration,sand
2284,64.24138,39.847107,52.044243,46.49,Calibration,sand
2285,52.227577,26.764763,39.49617,41.77,Calibration,sand
2286,81.384605,55.993263,68.688934,67.35,Calibration,sand
2287,34.804752,9.043138,21.923944,21.419998,Calibration,sand
2288,80.10069,55.481125,67.79091,74.840004,Calibration,sand
2289,78.915764,53.38497,66.15037,68.35,Calibration,sand
2290,26.637676,0.7689409,13.703308,20.0,Calibration,sand
2291,87.94605,64.15096,76.04851,85.14851,Calibration,sand
2292,82.165535,57.66734,69.916435,69.42,Calibration,sand
2293,41.477272,16.4009,28.939087,41.0,Calibration,sand
2294,49.61236,24.542067,37.077213,37.05,Calibration,sand
2295,57.551773,33.253494,45.402634,45.63,Calibration,sand
2296,27.18532,0.5736809,13.8795,10.0,Calibration,sand
2297,39.548183,13.696133,26.622158,26.61,Calibration,sand
2298,21.808903,-3.5195608,9.144671,10.209999,Calibration,sand
2299,76.73148,52.614117,64.6728,68.770004,Calibration,sand
2300,30.230368,4.920286,17.575327,16.033997,Calibration,sand
2301,21.304863,-4.1185856,8.593139,6.209999,Calibration,sand
2302,22.416306,-2.732275,9.842015,13.489998,Calibration,sand
2303,67.89526,43.888115,55.89169,56.77,Calibration,sand
2304,53.440292,28.260973,40.85063,40.17,Calibration,sand
2305,34.798298,8.54673,21.672514,24.0,Calibration,sand
2306,21.05946,-4.4021263,8.328667,10.209999,Calibration,sand
2307,27.712374,1.933363,14.822868,28.77,Calibration,sand
2308,44.00568,18.171669,31.088675,32.910004,Calibration,sand
2309,38.76213,12.030306,25.396217,20.629997,Calibration,sand
2310,23.480835,-6.0697813,8.705526,5.209999,Calibration,sand
2311,33.55213,7.988351,20.77024,20.699997,Calibration,sand
2312,30.909678,4.2965107,17.603094,26.0,Calibration,sand
2313,93.53533,69.45884,81.497086,91.7,Calibration,sand
2314,17.828869,-6.9497213,5.4395733,0.01,Calibration,sand
2315,30.529215,4.406576,17.467896,20.0,Calibration,sand
2316,48.933537,23.813526,36.37353,36.4,Calibration,sand
2317,21.930347,-3.2623854,9.3339815,8.209999,Calibration,sand
2318,19.335503,-7.3799977,5.977752,12.21,Calibration,sand
2319,103.7457,79.12315,91.434425,99.98,Calibration,sand
2320,82.35903,58.253475,70.30625,69.28,Calibration,sand
2321,41.786617,16.142776,28.964697,29.0,Calibration,sand
2322,22.474144,-3.2010536,9.636545,2.1399994,Calibration,sand
2323,37.76822,12.686806,25.227512,22.559998,Calibration,sand
2324,25.797848,-1.1028757,12.347486,13.629997,Calibration,sand
2325,47.010143,22.176785,34.593464,35.0,Calibration,sand
2326,20.331257,-6.4845743,6.9233418,9.14,Calibration,sand
2327,25.44667,-3.899683,10.773494,16.419998,Calibration,sand
2328,21.7704,-4.1370525,8.816673,3.209999,Calibration,sand
2329,33.139603,6.22746,19.68353,16.980003,Calibration,sand
2330,23.024782,-3.7793846,9.622699,6.28,Calibration,sand
2331,54.811592,29.366287,42.08894,37.7,Calibration,sand
2332,27.1147,0.2856226,13.700161,16.0,Calibration,sand
2333,23.554447,-5.747877,8.903285,2.1399994,Calibration,sand
2334,27.552946,0.72784233,14.140394,12.0,Calibration,sand
2335,102.81681,78.92596,90.87138,97.07,Calibration,sand
2336,24.968428,-3.2897758,10.839326,7.279999,Calibration,sand
2337,33.429882,8.144773,20.787327,27.0,Calibration,sand
2338,20.9822,-6.140918,7.420642,9.489998,Calibration,sand
2339,30.831352,2.4835901,16.65747,23.711998,Calibration,sand
2340,19.115713,-5.881721,6.6169963,5.1399994,Calibration,sand
2341,54.50191,29.953747,42.22783,45.0,Calibration,sand
2342,43.89009,19.816263,31.853176,34.699997,Calibration,sand
2343,26.248808,-0.81705666,12.715876,11.699997,Calibration,sand
2344,78.0934,53.31273,65.703064,60.98,Calibration,sand
2345,64.50089,39.154587,51.82774,66.770004,Calibration,sand
2346,22.914192,-3.093192,9.9105,10.629997,Calibration,sand
2347,22.409805,-4.5640097,8.922897,3.21,Calibration,sand
2348,71.3722,47.10011,59.236156,57.19,Calibration,sand
2349,36.48563,10.298444,23.392036,17.0,Calibration,sand
2350,39.569275,13.891782,26.730528,69.590004,Calibration,sand
2351,45.49415,18.7725,32.133324,37.03,Calibration,sand
2352,35.75756,11.090534,23.424047,23.489998,Calibration,sand
2353,50.410362,25.52146,37.96591,50.91,Calibration,sand
2354,92.6251,68.68676,80.65593,83.45,Calibration,sand
2355,55.804413,31.10093,43.45267,44.0,Calibration,sand
2356,23.980215,-0.93237877,11.523918,7.876999,Calibration,sand
2357,47.95354,22.906559,35.43005,35.05,Calibration,sand
2358,39.38364,13.804805,26.594223,25.699997,Calibration,sand
2359,72.47313,47.328102,59.900616,59.56,Calibration,sand
2360,25.243546,-5.199663,10.021941,8.419998,Calibration,sand
2361,27.461758,1.2928782,14.377318,17.419998,Calibration,sand
2362,20.583656,-5.2480593,7.667799,8.419998,Calibration,sand
2363,42.047386,17.134413,29.5909,35.0,Calibration,sand
2364,43.90316,16.179306,30.041233,32.75,Calibration,sand
2365,75.98355,51.807003,63.895275,66.0,Calibration,sand
2366,17.355312,-7.3679705,4.9936714,1.0699997,Calibration,sand
2367,89.025375,64.25244,76.63891,78.142,Calibration,sand
2368,23.180609,-5.0273876,9.076611,11.511002,Calibration,sand
2369,29.612423,3.0473318,16.329878,17.0,Calibration,sand
2370,90.29692,66.621735,78.45933,81.33,Calibration,sand
2371,22.94254,-2.134181,10.404179,6.0699997,Calibration,sand
2372,35.62619,10.559877,23.093035,22.699997,Calibration,sand
2373,22.738834,-3.739665,9.499585,11.629997,Calibration,sand
2374,28.120739,1.6893377,14.905039,14.35,Calibration,sand
2375,69.90579,45.259945,57.58287,64.979996,Calibration,sand
2376,20.291786,-6.1845083,7.0536394,6.0,Calibration,sand
2377,43.00734,15.591549,29.299444,36.703,Calibration,sand
2378,34.868088,9.2371,22.052593,29.489998,Calibration,sand
2379,102.49464,78.555305,90.52497,98.992,Calibration,sand
2380,23.032644,-2.0903664,10.471139,9.139999,Calibration,sand
2381,19.950853,-5.4751186,7.2378674,10.209999,Calibration,sand
2382,52.94122,27.271465,40.106342,40.91,Calibration,sand
2383,29.423515,3.086689,16.255102,13.0,Calibration,sand
2384,26.738998,-3.2607832,11.739108,10.279999,Calibration,sand
2385,27.939747,3.3170815,15.628414,15.07,Calibration,sand
2386,40.529804,15.408096,27.96895,24.21,Calibration,sand
2387,31.935642,6.123662,19.029652,21.0,Calibration,sand
2388,24.11314,-4.5589437,9.777098,9.349998,Calibration,sand
2389,22.854244,-5.09369,8.880278,8.49,Calibration,sand
2390,51.688126,26.818993,39.25356,43.56,Calibration,sand
2391,68.87027,44.26813,56.5692,58.0,Calibration,sand
2392,61.472176,36.82601,49.149094,51.77,Calibration,sand
2393,32.733562,7.3620386,20.0478,15.317001,Calibration,sand
2394,54.389458,29.35597,41.872715,38.56,Calibration,sand
2395,27.80899,2.1748247,14.991907,11.0,Calibration,sand
2396,31.79954,4.940012,18.369776,23.839996,Calibration,sand
2397,35.678787,10.016453,22.84762,21.489998,Calibration,sand
2398,25.948288,-0.5050564,12.721616,14.7,Calibration,sand
2399,45.471165,20.392742,32.931953,28.0,Calibration,sand
2400,68.46904,43.632107,56.050575,59.63,Calibration,sand
2401,21.055058,-7.531717,6.7616706,2.1399994,Calibration,sand
2402,20.107403,-4.4245377,7.8414326,3.6470032,Calibration,sand
2403,51.18739,25.86868,38.528034,36.47,Calibration,sand
2404,22.939669,-4.6483536,9.145658,9.160004,Calibration,sand
2405,28.83635,2.3076067,15.571979,17.0,Calibration,sand
2406,100.39176,76.232445,88.3121,90.35,Calibration,sand
2407,23.858711,-0.6998377,11.579437,10.63,Calibration,sand
2408,93.30161,69.39727,81.34944,81.0,Calibration,sand
2409,46.050125,20.740776,33.39545,31.0,Calibration,sand
2410,83.78953,59.68259,71.73606,79.49,Calibration,sand
2411,30.303135,3.8372984,17.070217,18.0,Calibration,sand
0,39.107903,21.251991,30.179947,30.57,Validation,clay
1,20.877388,3.2113323,12.04436,9.0,Validation,clay
2,32.10445,14.362919,23.233685,22.69,Validation,clay
3,52.095642,33.979263,43.037453,49.0,Validation,clay
4,38.553146,20.081844,29.317495,33.0,Validation,clay
5,29.54974,10.171452,19.860596,16.38,Validation,clay
6,22.425304,4.4491816,13.4372425,13.0,Validation,clay
7,13.741216,-4.8617334,4.439741,3.06,Validation,clay
8,33.856842,16.090961,24.973902,29.0,Validation,clay
9,35.66686,17.398037,26.532448,25.34,Validation,clay
10,23.616951,5.462962,14.539956,15.0,Validation,clay
11,27.645382,7.9405327,17.792957,16.0,Validation,clay
12,35.45269,17.181156,26.316923,21.87,Validation,clay
13,31.93572,13.135855,22.535788,23.0,Validation,clay
14,12.792357,-5.17274,3.8098087,0.01,Validation,clay
15,33.144047,15.288899,24.216473,26.0,Validation,clay
16,20.096449,1.283886,10.690167,9.57,Validation,clay
17,43.878525,25.263464,34.570995,54.0,Validation,clay
18,28.212597,10.172386,19.192492,19.93,Validation,clay
19,37.630005,18.808233,28.219118,27.0,Validation,clay
20,12.792788,-4.6232986,4.0847445,1.0,Validation,clay
21,60.336388,41.92891,51.13265,38.98,Validation,clay
22,62.090164,44.000267,53.045216,48.9,Validation,clay
23,54.073635,36.43278,45.25321,47.0,Validation,clay
24,26.6782,9.051376,17.864788,14.0,Validation,clay
25,26.393223,7.9437685,17.168495,17.59,Validation,clay
26,22.647705,4.5414906,13.594598,12.0,Validation,clay
27,19.202114,1.5033932,10.352754,8.0,Validation,clay
28,34.408337,14.728784,24.56856,26.0,Validation,clay
29,32.08304,13.8451185,22.964079,21.0,Validation,clay
30,42.58054,24.08482,33.33268,35.0,Validation,clay
31,35.17167,17.333849,26.252758,24.0,Validation,clay
32,17.348595,-0.8518667,8.2483635,20.0,Validation,clay
33,40.858772,22.989626,31.924198,22.97,Validation,clay
34,31.791464,13.364447,22.577955,21.61,Validation,clay
35,31.46896,13.283413,22.376186,24.13,Validation,clay
36,24.95723,6.761778,15.859504,14.05,Validation,clay
37,13.433573,-4.3316174,4.5509777,0.7,Validation,clay
38,28.939056,9.703625,19.32134,16.0,Validation,clay
39,12.923384,-5.10856,3.907412,3.0,Validation,clay
40,41.937187,24.203344,33.070267,40.14,Validation,clay
41,26.9368,8.623224,17.780012,19.0,Validation,clay
42,40.40492,22.210659,31.307789,32.78,Validation,clay
43,80.66017,62.68434,71.67226,65.0,Validation,clay
44,30.00579,10.719624,20.362707,19.97,Validation,clay
45,28.093773,10.486409,19.29009,18.0,Validation,clay
46,81.36722,62.826935,72.09708,74.0,Validation,clay
47,39.044037,20.420801,29.73242,26.48,Validation,clay
48,30.902103,11.676327,21.289215,18.77,Validation,clay
49,15.766554,-1.6818252,7.0423646,4.0,Validation,clay
50,55.156017,37.588825,46.37242,33.32,Validation,clay
51,14.673613,-3.8088875,5.4323626,2.0,Validation,clay
52,49.57765,31.822018,40.699833,35.1,Validation,clay
53,55.090034,36.678543,45.88429,49.0,Validation,clay
54,22.806969,2.9877005,12.897334,2.0,Validation,clay
55,35.512344,16.991045,26.251696,34.0,Validation,clay
56,19.730614,2.1068115,10.918713,11.0,Validation,clay
57,38.63518,20.521301,29.578241,30.36,Validation,clay
58,39.682606,21.309422,30.496014,33.0,Validation,clay
59,89.325676,69.986824,79.65625,89.0,Validation,clay
60,23.956108,6.21784,15.086974,19.31,Validation,clay
61,41.61921,23.672598,32.645905,34.03,Validation,clay
62,44.99179,27.186493,36.08914,38.47,Validation,clay
63,17.008518,-0.64844894,8.180035,13.0,Validation,clay
64,35.483562,17.54781,26.515686,25.0,Validation,clay
65,38.96287,20.3666,29.664736,24.85,Validation,clay
66,21.564735,4.0617723,12.813254,14.0,Validation,clay
67,28.111332,8.932602,18.521967,23.0,Validation,clay
68,31.308485,13.261679,22.285082,24.0,Validation,clay
69,28.637371,8.9819565,18.809664,9.52,Validation,clay
70,42.457634,24.508759,33.483196,35.0,Validation,clay
71,15.036053,-6.5136294,4.261212,5.53,Validation,clay
72,55.86632,38.11581,46.991066,56.0,Validation,clay
73,30.435333,12.807308,21.62132,24.0,Validation,clay
74,17.865238,-0.0362463,8.914496,7.0,Validation,clay
75,15.606632,-2.2150722,6.6957803,7.0,Validation,clay
76,21.655523,4.114973,12.885248,16.79,Validation,clay
77,24.020008,5.2433186,14.631663,13.0,Validation,clay
78,78.72351,60.886047,69.80478,66.88,Validation,clay
79,20.426342,2.3831682,11.404756,17.0,Validation,clay
80,32.693516,14.757453,23.725485,22.83,Validation,clay
81,37.755817,19.332024,28.54392,30.0,Validation,clay
82,18.851524,1.0845118,9.968018,6.0,Validation,clay
83,15.86404,-2.1559582,6.854041,4.0,Validation,clay
84,62.648098,42.09126,52.36968,59.0,Validation,clay
85,32.93689,15.47255,24.20472,19.0,Validation,clay
86,50.694122,33.04683,41.870476,53.0,Validation,clay
87,25.80846,7.650326,16.729393,19.64,Validation,clay
88,23.537964,5.207568,14.3727665,10.0,Validation,clay
89,19.873981,1.8518982,10.86294,14.0,Validation,clay
90,48.834137,31.021545,39.92784,44.0,Validation,clay
91,33.282383,14.127896,23.70514,22.0,Validation,clay
92,18.250296,0.29434776,9.272322,10.0,Validation,clay
93,25.277836,7.3730364,16.325436,10.0,Validation,clay
94,33.272972,15.053835,24.163403,25.0,Validation,clay
95,40.150925,21.956568,31.053745,26.0,Validation,clay
96,30.649082,12.857337,21.75321,19.21,Validation,clay
97,15.394664,-2.465396,6.464634,7.0,Validation,clay
98,14.464651,-3.819613,5.322519,4.27,Validation,clay
99,35.477768,17.4999,26.488834,24.0,Validation,clay
100,18.530067,0.649045,9.589556,5.0,Validation,clay
101,20.086967,2.3321466,11.209557,11.0,Validation,clay
102,20.514635,-3.0576897,8.728473,14.0,Validation,clay
103,35.030663,16.225424,25.628044,27.0,Validation,clay
104,13.267822,-4.3142114,4.476805,3.0,Validation,clay
105,28.089,7.7286215,17.908812,20.0,Validation,clay
106,24.939167,7.330415,16.13479,21.0,Validation,clay
107,17.5424,-0.5770674,8.482667,10.0,Validation,clay
108,51.771862,33.403126,42.587494,51.0,Validation,clay
109,28.947699,10.968889,19.958294,21.0,Validation,clay
110,27.177162,9.066338,18.12175,14.0,Validation,clay
111,38.714592,20.74876,29.731676,33.45,Validation,clay
112,42.836895,24.389278,33.613087,30.0,Validation,clay
113,36.787117,18.462282,27.624699,25.0,Validation,clay
114,77.32944,59.239567,68.2845,67.0,Validation,clay
115,23.84119,4.122552,13.981871,5.13,Validation,clay
116,46.25534,28.200686,37.228012,35.0,Validation,clay
117,12.7950115,-4.924841,3.9350853,0.01,Validation,clay
118,16.059317,-1.9829526,7.038182,7.0,Validation,clay
119,26.913578,9.180134,18.046856,19.0,Validation,clay
120,12.95321,-4.7228556,4.115177,1.69,Validation,clay
121,43.768177,25.10114,34.434658,29.0,Validation,clay
122,22.33009,2.983777,12.656933,5.0,Validation,clay
123,20.786587,2.6230278,11.704807,10.0,Validation,clay
124,57.228363,39.15242,48.19039,43.74,Validation,clay
125,13.703695,-3.91362,4.8950377,1.65,Validation,clay
126,28.961327,10.656768,19.809048,18.0,Validation,clay
127,23.080498,4.998719,14.039608,12.0,Validation,clay
128,39.705574,21.843685,30.77463,27.0,Validation,clay
129,25.724846,7.3476152,16.53623,19.31,Validation,clay
130,26.651522,8.99711,17.824316,13.0,Validation,clay
131,29.431705,11.141461,20.286583,18.72,Validation,clay
132,40.30748,22.240314,31.273897,26.0,Validation,clay
133,47.81293,30.005672,38.9093,41.0,Validation,clay
134,24.260998,3.9986486,14.129824,16.0,Validation,clay
135,33.8622,15.6665,24.76435,25.0,Validation,clay
136,39.146606,21.3387,30.242653,31.0,Validation,clay
137,22.431725,4.703249,13.567487,25.0,Validation,clay
138,29.591122,10.215751,19.903437,27.0,Validation,clay
139,91.239,72.45369,81.846344,83.0,Validation,clay
140,17.866962,0.3549013,9.110931,16.51,Validation,clay
141,32.095436,14.337122,23.216278,15.88,Validation,clay
142,28.818768,10.905785,19.862276,20.0,Validation,clay
143,28.124231,10.399565,19.261898,22.0,Validation,clay
144,44.502457,25.02006,34.761257,41.0,Validation,clay
145,24.12257,5.077359,14.599965,10.71,Validation,clay
146,22.607025,4.8094807,13.708253,24.0,Validation,clay
147,33.477043,15.679447,24.578245,24.0,Validation,clay
148,36.515186,18.875526,27.695356,28.08,Validation,clay
149,32.58178,14.340551,23.461164,22.0,Validation,clay
150,37.05592,19.13483,28.095375,26.45,Validation,clay
151,25.159286,6.286125,15.722706,15.55,Validation,clay
152,29.8905,12.132542,21.01152,16.0,Validation,clay
153,31.34414,13.376652,22.360395,23.0,Validation,clay
154,15.829357,-1.7829204,7.0232186,12.0,Validation,clay
155,15.707663,-2.158627,6.7745175,4.27,Validation,clay
156,29.921316,11.483629,20.702473,19.0,Validation,clay
157,29.898819,10.390157,20.144487,21.0,Validation,clay
158,54.061306,35.638493,44.8499,42.22,Validation,clay
159,43.65425,25.468712,34.56148,27.0,Validation,clay
160,23.716034,5.2970247,14.506529,19.0,Validation,clay
161,40.827827,22.214226,31.521027,35.0,Validation,clay
162,26.537249,7.2838154,16.910532,22.0,Validation,clay
163,52.222992,34.219307,43.22115,42.27,Validation,clay
164,77.02431,58.98141,68.00286,73.0,Validation,clay
165,42.57965,24.788368,33.68401,37.0,Validation,clay
166,35.0209,17.430695,26.225798,26.0,Validation,clay
167,43.234764,25.421867,34.328316,32.0,Validation,clay
168,23.006104,5.122116,14.06411,2.58,Validation,clay
169,16.686079,-0.83114195,7.927469,7.59,Validation,clay
170,16.687094,-1.0318623,7.8276157,6.7,Validation,clay
171,26.71167,8.248593,17.480131,15.31,Validation,clay
172,31.423239,13.173792,22.298515,18.0,Validation,clay
173,30.455322,12.432738,21.44403,23.0,Validation,clay
174,41.087234,23.29039,32.188812,23.37,Validation,clay
175,37.53956,19.575405,28.557482,34.19,Validation,clay
176,18.162022,0.46751785,9.31477,9.16,Validation,clay
177,18.2762,-0.97766685,8.649266,13.25,Validation,clay
178,38.735878,19.643665,29.189772,33.0,Validation,clay
179,48.458157,30.893925,39.67604,37.51,Validation,clay
180,35.57168,17.708836,26.640257,24.0,Validation,clay
181,27.082409,5.71523,16.398819,15.0,Validation,clay
182,14.577756,-4.975053,4.8013515,1.7,Validation,clay
183,70.00381,52.375473,61.18964,55.62,Validation,clay
184,40.05025,21.52092,30.785585,36.0,Validation,clay
185,38.294884,20.567165,29.431025,31.0,Validation,clay
186,30.015877,11.57548,20.79568,22.0,Validation,clay
187,43.311466,25.545994,34.42873,25.31,Validation,clay
188,21.840382,3.6986818,12.769531,15.0,Validation,clay
189,36.772152,18.76875,27.77045,28.0,Validation,clay
190,40.552265,21.623295,31.08778,27.9972,Validation,clay
191,13.88876,-3.8423038,5.023228,2.0,Validation,clay
192,13.816599,-4.6799464,4.5683265,0.01,Validation,clay
193,46.275375,28.420044,37.34771,32.65,Validation,clay
194,35.615696,17.287228,26.451462,26.35,Validation,clay
195,38.185143,20.018833,29.101988,33.47,Validation,clay
196,25.297272,7.35865,16.327961,15.28,Validation,clay
197,21.589827,2.7670174,12.178422,19.0,Validation,clay
198,77.91004,59.77317,68.841606,78.0,Validation,clay
199,19.870255,1.8011789,10.835716,13.0,Validation,clay
200,40.55237,22.701336,31.626852,33.0,Validation,clay
201,12.834785,-5.020119,3.907333,3.42,Validation,clay
202,33.924095,15.541898,24.732996,23.0,Validation,clay
203,34.78516,16.707066,25.746113,20.13,Validation,clay
204,33.959724,15.788815,24.87427,25.0,Validation,clay
205,21.558899,3.5295,12.5442,11.29,Validation,clay
206,58.115112,39.768425,48.94177,46.0,Validation,clay
207,17.50073,-1.2363739,8.132178,8.0,Validation,clay
208,29.353535,11.239171,20.296352,22.0,Validation,clay
209,25.130383,7.1127167,16.12155,19.0,Validation,clay
210,32.749714,12.79234,22.771027,25.0,Validation,clay
211,22.258156,4.524331,13.391243,12.0,Validation,clay
212,19.638008,2.3183374,10.978173,10.479999,Validation,clay
213,33.73964,16.062902,24.90127,22.0,Validation,clay
214,18.380482,0.8348923,9.607687,10.0,Validation,clay
215,33.21237,15.232249,24.222311,25.16,Validation,clay
216,36.850445,18.204697,27.52757,32.0,Validation,clay
217,13.717648,-4.647428,4.53511,4.46,Validation,clay
218,20.014977,2.3055515,11.160264,10.63,Validation,clay
219,25.712652,7.3656178,16.539135,14.5,Validation,clay
220,32.390396,14.892699,23.641548,24.0,Validation,clay
221,18.769571,0.8156128,9.792592,13.51,Validation,clay
222,13.215398,-4.4918547,4.3617716,1.0,Validation,clay
223,13.205808,-4.9877043,4.1090517,3.0,Validation,clay
224,17.966099,-0.08406067,8.941019,6.0,Validation,clay
225,31.114517,11.714584,21.41455,18.0,Validation,clay
226,31.336842,12.796482,22.066662,28.0,Validation,clay
227,49.289986,31.01944,40.154713,25.76,Validation,clay
228,24.509907,6.4986315,15.50427,10.729999,Validation,clay
229,20.049301,2.4782581,11.26378,8.0,Validation,clay
230,23.738407,4.47626,14.107333,8.08,Validation,clay
231,40.731277,22.552704,31.64199,32.0,Validation,clay
232,22.137577,4.4769545,13.307265,14.0,Validation,clay
233,55.948345,37.889126,46.918736,58.35,Validation,clay
234,27.437798,9.580991,18.509394,20.64,Validation,clay
235,19.26625,1.7767267,10.521488,9.0,Validation,clay
236,37.34752,19.567938,28.457727,24.0,Validation,clay
237,73.791405,56.02607,64.90874,49.0,Validation,clay
238,68.302956,50.447247,59.375103,67.54,Validation,clay
239,16.37704,-1.8759308,7.250555,6.67,Validation,clay
240,22.68866,4.6849184,13.6867895,11.0,Validation,clay
241,29.677795,10.420192,20.048994,17.71,Validation,clay
242,29.43888,11.508568,20.473724,28.0,Validation,clay
243,31.48354,13.493661,22.4886,25.01,Validation,clay
244,12.558451,-4.9271474,3.8156514,0.51,Validation,clay
245,36.528427,18.637753,27.58309,29.0,Validation,clay
246,33.455833,15.245708,24.35077,26.55,Validation,clay
247,37.81559,19.247438,28.531513,43.92,Validation,clay
248,25.033617,6.550701,15.792159,23.0,Validation,clay
249,20.016891,0.55562305,10.286258,10.12,Validation,clay
250,19.936665,2.1878653,11.062265,16.0,Validation,clay
251,40.08423,22.13962,31.111925,37.0,Validation,clay
252,14.032963,-4.6655746,4.6836944,1.0,Validation,clay
253,13.64031,-4.314568,4.662871,0.9,Validation,clay
254,34.969307,16.679764,25.824535,28.0,Validation,clay
255,36.974213,18.412437,27.693325,29.0,Validation,clay
256,39.77025,22.168562,30.969406,26.0,Validation,clay
257,37.789703,19.00987,28.399786,22.0,Validation,clay
258,31.656414,13.067424,22.36192,21.0,Validation,clay
259,29.590805,11.238812,20.414808,19.0,Validation,clay
260,44.422504,26.630634,35.52657,38.75,Validation,clay
261,39.304836,21.554382,30.42961,29.0,Validation,clay
262,35.877594,18.07748,26.977537,32.0,Validation,clay
263,45.707947,27.605474,36.65671,40.74,Validation,clay
264,43.693924,26.117842,34.905884,38.52,Validation,clay
265,33.659508,14.86674,24.263124,22.0,Validation,clay
266,19.402153,1.8936195,10.647886,15.0,Validation,clay
267,27.935488,9.120222,18.527855,27.0,Validation,clay
268,29.807693,12.376564,21.092129,18.0,Validation,clay
269,21.60285,2.8354435,12.219147,12.0,Validation,clay
270,71.453,53.623726,62.538364,55.0,Validation,clay
271,28.006275,10.147271,19.076773,26.76,Validation,clay
272,34.498985,15.438529,24.968758,23.0,Validation,clay
273,27.545246,7.683132,17.61419,12.0,Validation,clay
274,16.712694,-0.9651933,7.87375,10.0,Validation,clay
275,50.187584,32.41458,41.301083,39.0,Validation,clay
276,23.144783,5.5800285,14.362406,21.0,Validation,clay
277,29.239029,9.569626,19.404327,20.0,Validation,clay
278,46.404995,28.486057,37.445526,40.06,Validation,clay
279,17.043278,-0.800807,8.121236,10.0,Validation,clay
280,35.072598,17.38787,26.230234,25.25,Validation,clay
281,47.353058,29.46666,38.40986,39.19,Validation,clay
282,34.813946,16.524765,25.669355,23.0,Validation,clay
283,38.825325,19.971203,29.398264,24.0,Validation,clay
284,25.112448,7.499941,16.306194,12.45,Validation,clay
285,33.01214,13.844526,23.428331,25.0,Validation,clay
286,23.18824,5.22017,14.2042055,12.0,Validation,clay
287,12.832422,-4.886286,3.9730685,7.0,Validation,clay
288,20.268517,1.0478544,10.658185,1.0,Validation,clay
289,23.785551,5.3165264,14.551039,14.0,Validation,clay
290,33.734177,15.405378,24.569777,26.0,Validation,clay
291,22.291927,4.6752844,13.483605,17.06,Validation,clay
292,36.276154,18.826103,27.551128,28.0,Validation,clay
293,36.809563,18.90139,27.855476,24.0,Validation,clay
294,86.1991,67.14697,76.673035,95.3,Validation,clay
295,33.494305,14.105199,23.799751,26.0,Validation,clay
296,73.76259,55.73888,64.75073,70.0,Validation,clay
297,44.1977,26.523247,35.360474,35.0,Validation,clay
298,14.443338,-4.7424927,4.850423,5.0,Validation,clay
299,16.63182,-0.9659548,7.8329325,6.92,Validation,clay
300,15.184123,-2.7618017,6.2111607,7.98,Validation,clay
301,20.60883,2.3401756,11.474503,16.0,Validation,clay
302,33.098904,14.591839,23.845371,22.0,Validation,clay
303,48.041775,30.325031,39.183403,38.0,Validation,clay
304,24.656853,5.8762608,15.266557,5.0,Validation,clay
305,43.406116,25.405972,34.406044,40.33,Validation,clay
306,53.21192,35.52952,44.37072,48.0,Validation,clay
307,26.395523,6.162282,16.278902,22.56,Validation,clay
308,36.203255,17.419268,26.811262,28.0,Validation,clay
309,15.955439,-2.4420834,6.7566776,2.0,Validation,clay
310,21.758266,3.8970165,12.8276415,11.0,Validation,clay
311,14.57353,-4.4502945,5.061618,4.0,Validation,clay
312,57.86493,40.17456,49.019745,34.0,Validation,clay
313,25.373291,7.7796135,16.576452,21.0,Validation,clay
314,25.153112,4.692602,14.922857,11.0,Validation,clay
315,43.495506,25.059608,34.277557,34.44,Validation,clay
316,12.901453,-4.7870097,4.057222,2.0,Validation,clay
317,25.353292,7.6136837,16.483488,18.0,Validation,clay
318,27.509995,8.750141,18.130068,23.0,Validation,clay
319,13.360615,-4.6787896,4.3409123,5.0,Validation,clay
320,13.416786,-4.5052266,4.4557796,1.0,Validation,clay
321,16.164576,-1.6724072,7.246084,7.69,Validation,clay
322,79.571594,60.83832,70.204956,72.76,Validation,clay
323,58.6985,41.075462,49.886982,50.0,Validation,clay
324,31.322182,13.419396,22.370789,21.0,Validation,clay
325,13.134943,-5.0256076,4.054668,1.0,Validation,clay
326,23.826077,5.558757,14.692416,9.0,Validation,clay
327,44.80137,26.737747,35.769558,33.93,Validation,clay
328,19.887182,2.3664036,11.126793,12.0,Validation,clay
329,22.453644,2.8543978,12.654021,7.0,Validation,clay
330,43.47801,25.084736,34.281372,36.08,Validation,clay
331,45.55817,27.358196,36.458183,36.31,Validation,clay
332,34.868168,15.94045,25.404308,22.34,Validation,clay
333,34.9675,17.46056,26.21403,28.0,Validation,clay
334,15.32103,-5.4578176,4.931606,2.0,Validation,clay
335,29.895636,11.933157,20.914396,21.0,Validation,clay
336,31.196022,11.807777,21.5019,22.0,Validation,clay
337,23.266663,4.6970167,13.981839,19.0,Validation,clay
338,43.585247,25.429974,34.50761,39.0,Validation,clay
339,40.57099,22.898842,31.734917,28.0,Validation,clay
340,14.833384,-3.174827,5.8292785,4.0,Validation,clay
341,32.29226,12.420632,22.356445,23.0,Validation,clay
342,15.577911,-2.3521118,6.6129,2.7,Validation,clay
343,15.615232,-2.3828678,6.6161823,4.0,Validation,clay
344,56.656765,38.847095,47.75193,45.86,Validation,clay
345,26.451767,8.466685,17.459227,13.68,Validation,clay
346,74.73995,57.161552,65.95075,63.0,Validation,clay
347,50.695858,32.901424,41.79864,29.0,Validation,clay
348,70.92465,52.44492,61.684788,60.0,Validation,clay
349,53.164513,35.105576,44.135044,45.0,Validation,clay
350,23.656914,6.061673,14.859293,5.0,Validation,clay
351,35.16536,15.707067,25.436213,27.0,Validation,clay
352,43.67864,26.042767,34.860703,33.0,Validation,clay
353,18.464363,-2.8242092,7.820077,4.0,Validation,clay
354,26.56581,8.160589,17.3632,13.45,Validation,clay
355,24.546997,6.975711,15.7613535,6.0,Validation,clay
356,19.914509,1.7591314,10.836821,14.479999,Validation,clay
357,13.954191,-4.4449234,4.754634,2.11,Validation,clay
358,28.78278,11.144298,19.96354,22.08,Validation,clay
359,21.052523,2.4114532,11.731988,11.0,Validation,clay
360,49.502953,31.487959,40.495457,40.98,Validation,clay
361,39.50818,21.222282,30.36523,36.0,Validation,clay
362,24.944363,7.0712137,16.007788,20.0,Validation,clay
363,30.344095,10.935732,20.639914,25.0,Validation,clay
364,13.302387,-4.6269913,4.337698,10.0,Validation,clay
365,30.990856,13.0674095,22.029133,24.0,Validation,clay
366,15.655645,-2.3428264,6.6564097,4.09,Validation,clay
367,20.6711,2.269641,11.470371,10.12,Validation,clay
368,19.982529,2.1196346,11.051082,5.86,Validation,clay
369,40.13671,22.262547,31.199629,26.1,Validation,clay
370,68.736824,50.664833,59.70083,55.0,Validation,clay
371,12.784439,-4.9418654,3.921287,7.0,Validation,clay
372,47.48455,29.324776,38.404663,43.0,Validation,clay
373,44.593723,26.548016,35.57087,30.0,Validation,clay
374,34.18522,16.599472,25.392345,16.42,Validation,clay
375,13.9199295,-3.9652972,4.9773164,5.0,Validation,clay
376,17.767693,0.26672935,9.017211,10.0,Validation,clay
377,12.855658,-4.8591614,3.998248,2.0,Validation,clay
378,20.414915,-0.009082794,10.202916,4.0,Validation,clay
379,33.849014,15.6082325,24.728624,25.0,Validation,clay
380,46.08614,27.693363,36.88975,31.64,Validation,clay
381,14.990964,-2.4116182,6.289673,6.72,Validation,clay
382,33.664368,15.43561,24.54999,20.0,Validation,clay
383,12.610361,-4.836296,3.8870325,1.0,Validation,clay
384,32.6289,13.746815,23.187857,25.0,Validation,clay
385,31.256332,13.147128,22.20173,26.0,Validation,clay
386,67.34696,48.97031,58.158634,71.69,Validation,clay
387,37.720215,20.150238,28.935226,23.0,Validation,clay
388,48.54895,30.146666,39.34781,45.0,Validation,clay
389,33.156776,15.00777,24.082273,22.0,Validation,clay
390,23.788757,5.9312744,14.860016,16.0,Validation,clay
391,54.242783,36.596794,45.41979,49.0,Validation,clay
392,27.165533,8.773359,17.969446,20.0,Validation,clay
393,13.229589,-4.8539643,4.1878123,1.0,Validation,clay
394,14.281145,-3.1169186,5.5821133,6.29,Validation,clay
395,28.540335,10.4845295,19.512432,18.57,Validation,clay
396,28.964127,10.059363,19.511745,22.0,Validation,clay
397,34.08741,14.483421,24.285416,21.0,Validation,clay
398,22.47746,4.505867,13.491664,10.0,Validation,clay
399,24.999184,7.026025,16.012604,13.0,Validation,clay
400,14.720831,-3.0764642,5.822183,10.0,Validation,clay
401,13.054515,-4.631732,4.2113914,1.0,Validation,clay
402,46.162003,27.914017,37.03801,41.1,Validation,clay
403,52.76874,35.2803,44.02452,48.0,Validation,clay
404,31.616573,13.431186,22.52388,26.0,Validation,clay
405,29.992847,10.461338,20.227093,22.88,Validation,clay
406,80.71764,62.84773,71.782684,41.15,Validation,clay
407,66.915596,48.715088,57.815342,54.0,Validation,clay
408,36.95016,17.68869,27.319426,33.18,Validation,clay
409,75.34849,57.517906,66.4332,42.75,Validation,clay
410,78.13278,59.384716,68.75875,54.81,Validation,clay
411,20.88317,3.3059711,12.09457,7.0,Validation,clay
412,20.463211,2.304573,11.383892,14.43,Validation,clay
413,40.363518,22.409761,31.38664,30.16,Validation,clay
414,43.088387,25.394724,34.241554,29.88,Validation,clay
415,34.168762,15.206631,24.687696,25.0,Validation,clay
416,17.661758,0.053383827,8.857572,12.12,Validation,clay
417,31.20227,12.086379,21.644325,13.0,Validation,clay
418,24.698519,6.563711,15.631115,16.0,Validation,clay
419,26.299482,8.329985,17.314734,14.0,Validation,clay
420,43.570087,25.423878,34.496983,33.0,Validation,clay
421,12.984903,-4.7785277,4.103188,3.0,Validation,clay
422,63.09488,44.317245,53.706062,35.58,Validation,clay
423,40.626236,21.971159,31.298698,30.0,Validation,clay
424,15.760139,-1.9923286,6.8839054,8.0,Validation,clay
425,23.134373,2.6767807,12.905577,11.0,Validation,clay
426,13.029655,-4.5577645,4.235945,4.0,Validation,clay
427,35.98543,18.230156,27.107794,22.0,Validation,clay
428,25.1462,5.321579,15.23389,11.0,Validation,clay
429,22.296282,4.029623,13.162952,9.81,Validation,clay
430,31.915491,13.480486,22.697989,25.0,Validation,clay
431,33.284348,14.919523,24.101934,27.0,Validation,clay
432,32.081738,14.150777,23.116257,22.0,Validation,clay
433,38.119488,20.00513,29.06231,25.0,Validation,clay
434,60.580017,41.581253,51.080635,25.0,Validation,clay
435,19.797459,1.8016424,10.799551,12.0,Validation,clay
436,39.096157,21.282597,30.189377,31.0,Validation,clay
437,25.99899,7.2007,16.599844,16.0,Validation,clay
438,56.050476,37.512733,46.781605,43.35,Validation,clay
439,30.608177,12.458167,21.533173,27.0,Validation,clay
440,32.083633,12.962024,22.52283,25.0,Validation,clay
441,32.330284,13.690756,23.010519,23.0,Validation,clay
442,26.79751,8.335733,17.566622,17.57,Validation,clay
443,85.23465,67.05452,76.144585,61.0,Validation,clay
444,48.421875,30.470383,39.44613,40.0,Validation,clay
445,31.629957,11.260309,21.445133,14.0,Validation,clay
446,43.913055,24.368658,34.140858,35.63,Validation,clay
447,31.707603,12.92154,22.314571,22.0,Validation,clay
448,59.472313,41.61605,50.54418,58.0,Validation,clay
449,33.67237,15.894647,24.783508,22.0,Validation,clay
450,54.32606,36.25593,45.290997,39.26,Validation,clay
451,65.21004,46.69194,55.95099,95.0,Validation,clay
452,49.32798,30.975296,40.151638,37.0,Validation,clay
453,30.557636,12.620216,21.588926,18.0,Validation,clay
454,13.206766,-4.7148037,4.245981,1.59,Validation,clay
455,54.69135,33.57359,44.13247,48.0,Validation,clay
456,13.217304,-4.560786,4.328259,2.0,Validation,clay
457,53.705227,35.90537,44.805298,42.0,Validation,clay
458,59.899178,41.62063,50.759903,42.96,Validation,clay
459,27.247469,9.529272,18.38837,22.0,Validation,clay
460,35.229828,17.724228,26.477028,28.94,Validation,clay
461,59.83892,41.5569,50.69791,44.0,Validation,clay
462,14.079591,-3.9768019,5.0513945,4.0,Validation,clay
463,33.355145,15.168118,24.261631,27.0,Validation,clay
464,33.908657,15.644771,24.776714,27.0,Validation,clay
465,13.331198,-4.9650645,4.183067,0.01,Validation,clay
466,30.474115,9.7558155,20.114965,46.38,Validation,clay
467,75.696846,57.862648,66.77975,71.65,Validation,clay
468,29.987312,10.8903055,20.438808,16.0,Validation,clay
469,71.19129,52.54624,61.868767,64.31,Validation,clay
470,32.76248,14.967989,23.865234,23.0,Validation,clay
471,48.97972,31.30559,40.142654,44.0,Validation,clay
472,19.519192,1.9356985,10.727445,20.0,Validation,clay
473,17.957747,0.4875145,9.2226305,5.0,Validation,clay
474,13.76869,-4.591703,4.588494,5.0,Validation,clay
475,22.35302,4.2818623,13.317441,19.82,Validation,clay
476,50.835083,32.7901,41.81259,50.0,Validation,clay
477,69.12692,51.04304,60.084984,62.57,Validation,clay
478,29.605528,11.028589,20.317059,30.0,Validation,clay
479,39.900574,21.813673,30.857122,32.0,Validation,clay
480,36.957844,19.180672,28.069258,29.0,Validation,clay
481,23.686619,1.9873161,12.836967,14.0,Validation,clay
482,25.51891,7.6573496,16.588129,16.0,Validation,clay
483,12.970387,-4.751977,4.1092052,3.0,Validation,clay
484,26.411774,8.266175,17.338974,18.65,Validation,clay
485,23.350855,5.459404,14.405129,16.0,Validation,clay
486,32.1408,14.278722,23.20976,26.0,Validation,clay
487,38.82112,20.49369,29.657406,27.27,Validation,clay
488,38.685646,21.140182,29.912914,30.27,Validation,clay
489,58.862576,40.922314,49.892445,45.0,Validation,clay
490,13.62916,-4.5906596,4.5192504,2.51,Validation,clay
491,13.396193,-4.2922025,4.551995,1.0,Validation,clay
492,21.256887,2.0442371,11.650562,10.0,Validation,clay
493,16.626364,-1.1021543,7.7621045,4.0,Validation,clay
494,56.548935,38.593735,47.571335,51.0,Validation,clay
495,39.22664,21.576075,30.401358,30.5,Validation,clay
496,16.518114,-1.2538872,7.6321135,4.13,Validation,clay
497,36.025623,18.090778,27.0582,26.0,Validation,clay
498,35.981846,16.547916,26.264881,27.0,Validation,clay
499,39.574375,21.892387,30.733381,41.0,Validation,clay
500,24.635677,6.2183275,15.427003,13.03,Validation,clay
501,28.494486,9.864901,19.179693,21.0,Validation,clay
502,32.90795,14.788601,23.848276,25.0,Validation,clay
503,22.262138,3.9777985,13.119968,14.0,Validation,clay
504,70.0244,51.74068,60.882538,59.0,Validation,clay
505,29.709972,9.563886,19.636929,24.26,Validation,clay
506,30.027306,11.289486,20.658396,18.0,Validation,clay
507,18.455574,-2.7597017,7.8479357,3.0,Validation,clay
508,39.88783,21.236984,30.562407,33.67,Validation,clay
509,21.767586,4.178685,12.973135,11.14,Validation,clay
510,37.672115,18.849762,28.260939,27.0,Validation,clay
511,41.088326,22.376041,31.732183,27.0,Validation,clay
512,30.009302,11.495043,20.752172,22.54,Validation,clay
513,28.228256,9.8352,19.031729,16.0,Validation,clay
514,44.531998,26.688148,35.610073,36.59,Validation,clay
515,32.938217,15.337299,24.137758,21.0,Validation,clay
516,45.31195,27.642494,36.477222,30.11,Validation,clay
517,18.931034,1.1923857,10.061709,9.73,Validation,clay
518,40.706703,22.401134,31.553919,35.0,Validation,clay
519,14.142379,-4.6115007,4.765439,5.0,Validation,clay
520,49.445114,31.451754,40.448433,28.44,Validation,clay
521,43.71457,25.404648,34.55961,38.0,Validation,clay
522,32.443676,14.855535,23.649605,26.46,Validation,clay
523,34.04795,15.797445,24.922699,21.0,Validation,clay
524,32.908127,13.656718,23.282423,25.0,Validation,clay
525,31.285032,13.075953,22.180492,21.0,Validation,clay
526,23.439144,5.661871,14.550508,16.34,Validation,clay
527,19.751373,1.3389826,10.545177,13.270001,Validation,clay
528,31.277657,12.933631,22.105644,22.0,Validation,clay
529,56.44163,38.88506,47.663345,44.1,Validation,clay
530,12.713201,-4.8805456,3.9163272,5.0,Validation,clay
531,27.126442,9.08414,18.105291,17.0,Validation,clay
532,33.1891,14.756951,23.973024,28.0,Validation,clay
533,39.157097,20.541216,29.849155,29.0,Validation,clay
534,86.22195,68.25843,77.24019,82.0,Validation,clay
535,26.278727,8.586973,17.43285,15.0,Validation,clay
536,31.108738,11.59455,21.351645,22.0,Validation,clay
537,27.997683,10.221575,19.109629,22.0,Validation,clay
538,35.02502,17.13972,26.08237,30.0,Validation,clay
539,12.950996,-4.6581326,4.146432,2.4,Validation,clay
540,26.745588,8.511202,17.628395,12.0,Validation,clay
541,32.26523,13.9228525,23.09404,23.0,Validation,clay
542,20.179653,-2.6362572,8.771698,12.0,Validation,clay
543,13.676086,-4.82461,4.425738,1.0,Validation,clay
544,13.213341,-4.8782973,4.167522,4.0,Validation,clay
545,37.487213,19.73085,28.609032,40.0,Validation,clay
546,49.110577,31.129879,40.120228,45.0,Validation,clay
547,20.099142,2.244873,11.172008,16.0,Validation,clay
548,42.54427,24.01035,33.27731,31.0,Validation,clay
549,35.49858,17.085896,26.292238,20.0,Validation,clay
550,60.22266,41.725285,50.973972,59.48,Validation,clay
551,19.76169,2.1184425,10.940066,7.0,Validation,clay
552,18.799316,1.1412697,9.970293,18.39,Validation,clay
553,20.054031,2.4952536,11.274643,13.91,Validation,clay
554,32.141197,14.073766,23.107481,25.0,Validation,clay
555,45.574524,27.506132,36.54033,33.57,Validation,clay
556,22.173035,3.412691,12.792863,8.0,Validation,clay
557,13.543358,-4.9432864,4.300036,4.2,Validation,clay
558,12.996712,-5.094471,3.9511204,7.44,Validation,clay
559,12.863993,-5.0172043,3.923394,1.9998,Validation,clay
560,37.549477,20.110573,28.830025,18.0,Validation,clay
561,38.905315,21.205177,30.055246,31.38,Validation,clay
562,45.15774,27.157536,36.15764,33.79,Validation,clay
563,25.43444,7.9509,16.69267,12.44,Validation,clay
564,30.165066,12.380436,21.27275,24.0,Validation,clay
565,23.88477,6.075444,14.980106,8.62,Validation,clay
566,14.515348,-4.131327,5.1920104,0.83,Validation,clay
567,18.357956,0.29778576,9.327871,13.0,Validation,clay
568,36.523758,17.946665,27.23521,28.0,Validation,clay
569,33.582287,15.6557045,24.618996,26.0,Validation,clay
570,35.33954,17.000982,26.170261,33.0,Validation,clay
571,25.483427,7.8862095,16.684818,18.0,Validation,clay
572,37.64027,19.801098,28.720684,28.0,Validation,clay
573,29.664299,11.575788,20.620043,19.0,Validation,clay
574,24.047731,6.1610928,15.104412,15.0,Validation,clay
575,47.757927,30.15964,38.958782,39.0,Validation,clay
576,28.369358,10.637313,19.503336,19.39,Validation,clay
577,37.430466,17.328262,27.379364,26.0,Validation,clay
578,34.840664,15.902931,25.371798,28.08,Validation,clay
579,20.920868,3.0024881,11.961678,10.0,Validation,clay
580,32.367638,14.798979,23.58331,24.0,Validation,clay
581,53.375862,35.49228,44.43407,36.84,Validation,clay
582,40.130535,22.47607,31.303303,30.74,Validation,clay
583,43.729477,25.92575,34.827614,43.99,Validation,clay
584,30.656006,12.605698,21.630852,20.05,Validation,clay
585,51.24199,33.327576,42.284782,48.0,Validation,clay
586,68.53708,51.06145,59.799267,71.0,Validation,clay
587,29.196255,9.7241335,19.460194,11.0,Validation,clay
588,22.48574,3.0192947,12.752518,4.02,Validation,clay
589,35.855953,18.299633,27.077793,26.0,Validation,clay
590,74.764435,55.396744,65.08059,78.82,Validation,clay
591,21.439907,3.7314844,12.585695,5.0,Validation,clay
592,54.58142,36.233047,45.407234,44.42,Validation,clay
593,55.72871,36.246357,45.987534,42.99,Validation,clay
594,14.230614,-3.613501,5.308556,4.0,Validation,clay
595,38.42874,19.179987,28.804365,28.0,Validation,clay
596,33.209038,14.735273,23.972155,26.0,Validation,clay
597,37.640026,19.195618,28.417822,28.0,Validation,clay
598,45.53728,27.323048,36.430164,34.4,Validation,clay
599,45.558125,27.684467,36.621296,5.0,Validation,clay
600,49.79699,32.016777,40.906883,42.0,Validation,clay
601,12.973539,-5.03018,3.9716797,1.5,Validation,clay
602,24.614758,5.788192,15.201474,13.0,Validation,clay
603,15.146112,-4.9032216,5.121445,1.0,Validation,clay
604,29.968493,12.296198,21.132345,25.25,Validation,clay
605,14.872995,-2.7928696,6.040063,3.0,Validation,clay
606,33.41797,14.960393,24.18918,22.0,Validation,clay
607,33.65918,15.812814,24.735996,27.0,Validation,clay
608,73.22831,55.166466,64.19739,70.0,Validation,clay
609,14.734907,-3.5353284,5.599789,1.0,Validation,clay
610,22.269276,4.574609,13.421942,17.0,Validation,clay
611,22.319412,3.231223,12.775317,3.0,Validation,clay
612,34.927334,16.637718,25.782526,25.0,Validation,clay
613,30.367367,11.631851,20.999609,24.0,Validation,clay
614,19.51821,1.7558727,10.637041,6.0,Validation,clay
615,63.605633,42.741375,53.173504,52.0,Validation,clay
616,31.74128,14.006176,22.873728,21.0,Validation,clay
617,16.903862,-0.63385105,8.135005,11.09,Validation,clay
618,28.935093,11.318948,20.12702,18.0,Validation,clay
619,42.65544,24.602867,33.629154,28.84,Validation,clay
620,15.589874,-2.19832,6.6957774,10.0,Validation,clay
621,73.09097,55.189484,64.14023,68.89,Validation,clay
622,34.17369,15.420366,24.79703,26.48,Validation,clay
623,13.961192,-4.568591,4.6963005,1.0,Validation,clay
624,26.39902,8.522764,17.460892,22.8,Validation,clay
625,16.322742,-1.6780672,7.322337,9.0,Validation,clay
626,22.24359,4.3350964,13.289343,14.0,Validation,clay
627,19.375467,1.4932404,10.434354,11.0,Validation,clay
628,29.534666,10.717714,20.12619,21.0,Validation,clay
629,35.714733,17.160854,26.437794,21.58,Validation,clay
630,42.898468,25.015776,33.957123,27.0,Validation,clay
631,15.096661,-3.4540977,5.8212814,13.18,Validation,clay
632,19.456364,0.13574886,9.796056,12.17,Validation,clay
633,28.236797,10.597774,19.417286,19.0,Validation,clay
634,25.222046,7.1183214,16.170183,17.0,Validation,clay
635,28.250103,10.209735,19.22992,22.0,Validation,clay
636,69.57581,50.37579,59.9758,67.0,Validation,clay
637,26.52026,8.183352,17.351807,17.47,Validation,clay
638,36.458035,17.033459,26.745747,22.0,Validation,clay
639,27.02673,9.0404215,18.033575,19.65,Validation,clay
640,44.87414,26.905788,35.889965,40.0,Validation,clay
641,78.23151,60.085712,69.15861,57.0,Validation,clay
642,13.058355,-4.7546134,4.151871,3.91,Validation,clay
643,15.714204,-2.20337,6.755417,4.62,Validation,clay
644,28.493301,10.736554,19.614927,22.0,Validation,clay
645,16.686338,-1.1152763,7.785531,2.8,Validation,clay
646,29.298422,9.596472,19.447447,24.0,Validation,clay
647,42.266888,23.545376,32.90613,25.9974,Validation,clay
648,53.108177,35.463448,44.285812,46.39,Validation,clay
649,40.82924,23.064976,31.947107,36.0,Validation,clay
650,24.800846,5.9569826,15.378915,16.71,Validation,clay
651,35.77818,16.958023,26.368101,27.88,Validation,clay
652,28.77277,10.854221,19.813496,18.0,Validation,clay
653,52.190548,33.666973,42.92876,39.22,Validation,clay
654,26.483185,8.413097,17.448141,21.61,Validation,clay
655,14.474422,-3.28681,5.5938063,10.83,Validation,clay
656,32.35266,14.514167,23.433414,23.0,Validation,clay
657,28.01437,10.118317,19.066343,17.19,Validation,clay
658,35.667656,17.9374,26.802528,22.17,Validation,clay
659,22.442635,3.698079,13.070357,13.11,Validation,clay
660,24.517967,0.9018431,12.709906,20.39,Validation,clay
661,23.304039,4.2105856,13.757312,17.0,Validation,clay
662,15.101433,-5.2384353,4.931499,9.27,Validation,clay
663,34.374924,16.389492,25.382208,23.0,Validation,clay
664,72.64824,53.795643,63.221943,43.78,Validation,clay
665,30.521288,12.914465,21.717876,17.61,Validation,clay
666,26.683552,8.8247595,17.754156,16.0,Validation,clay
667,37.694458,19.619293,28.656876,32.0,Validation,clay
668,14.537837,-3.4792662,5.5292854,3.0,Validation,clay
669,32.423496,14.161346,23.292421,20.0,Validation,clay
670,38.385918,19.953785,29.169851,26.06,Validation,clay
671,32.54711,14.559969,23.553541,17.0,Validation,clay
672,27.048603,9.384538,18.21657,24.0,Validation,clay
673,13.240696,-5.0924535,4.074121,5.0,Validation,clay
674,22.327362,4.364443,13.345902,17.92,Validation,clay
675,44.322666,26.587193,35.45493,40.0,Validation,clay
676,38.103336,20.251286,29.17731,29.0,Validation,clay
677,12.949935,-4.912549,4.018693,1.0,Validation,clay
678,12.87316,-4.9390955,3.9670327,5.0,Validation,clay
679,27.800365,10.316274,19.05832,13.0,Validation,clay
680,79.91539,61.435375,70.675385,69.0,Validation,clay
681,41.00671,22.414478,31.710594,29.0,Validation,clay
682,28.08218,9.69196,18.88707,17.0,Validation,clay
683,23.73973,5.39974,14.569736,13.0,Validation,clay
684,13.305092,-4.4954205,4.4048357,5.79,Validation,clay
685,28.961086,8.809723,18.885405,15.0,Validation,clay
686,64.39853,46.495247,55.446888,51.15,Validation,clay
687,21.030216,3.369523,12.19987,9.51,Validation,clay
688,18.309547,0.15147877,9.230514,10.0,Validation,clay
689,34.442,16.28812,25.36506,23.0,Validation,clay
690,13.622167,-4.603366,4.5094004,3.0,Validation,clay
691,25.366604,7.833519,16.600061,12.14,Validation,clay
692,36.99665,18.919239,27.957945,25.84,Validation,clay
693,64.43063,46.638893,55.534763,60.0,Validation,clay
694,20.01215,1.9374094,10.974779,12.88,Validation,clay
695,37.23225,19.424454,28.328352,29.0,Validation,clay
696,46.954926,28.760498,37.85771,38.0,Validation,clay
697,14.658939,-3.184214,5.7373624,8.0,Validation,clay
698,40.61992,22.674335,31.647127,29.0,Validation,clay
699,12.746751,-5.200387,3.773182,1.0,Validation,clay
700,72.61873,53.546013,63.08237,50.0,Validation,clay
701,49.946247,31.303066,40.624657,43.0,Validation,clay
702,38.001534,19.106697,28.554115,31.0,Validation,clay
703,19.32141,1.7726612,10.547035,8.0,Validation,clay
704,30.243763,12.143695,21.19373,25.0,Validation,clay
705,17.44046,-0.2510605,8.5947,6.15,Validation,clay
706,24.264355,4.9314423,14.5978985,9.0,Validation,clay
707,26.114372,7.409382,16.761877,18.0,Validation,clay
708,60.501106,42.95455,51.72783,61.0,Validation,clay
709,28.706524,10.781001,19.743763,18.12,Validation,clay
710,32.378803,14.148915,23.263859,17.27,Validation,clay
711,36.107697,17.68351,26.895603,19.0,Validation,clay
712,61.078526,43.28934,52.183933,57.0,Validation,clay
713,16.62401,-1.3825564,7.620727,9.0,Validation,clay
714,33.820126,15.705932,24.76303,27.0,Validation,clay
715,34.459297,16.745184,25.602242,24.0,Validation,clay
716,15.958829,-1.9092894,7.02477,10.0,Validation,clay
717,77.64999,59.719093,68.68454,60.0,Validation,clay
718,35.736668,15.845634,25.791151,31.0,Validation,clay
719,29.392212,11.539897,20.466055,20.31,Validation,clay
720,28.252121,10.201343,19.226732,20.77,Validation,clay
721,20.150711,-0.08318806,10.033762,10.0,Validation,clay
722,51.128414,33.491817,42.310116,34.29,Validation,clay
723,14.652417,-3.084546,5.7839355,3.94,Validation,clay
724,22.140316,2.3624125,12.251364,5.0,Validation,clay
725,51.723354,33.83137,42.777363,50.0,Validation,clay
726,32.72024,14.147034,23.433638,27.0,Validation,clay
727,15.242365,-2.644813,6.298776,0.009999,Validation,clay
728,38.339767,20.476616,29.408192,29.67,Validation,clay
729,13.482018,-5.0383997,4.2218094,5.0,Validation,clay
730,26.0612,8.363675,17.212437,20.73,Validation,clay
731,16.024658,-3.8886356,6.0680113,2.0,Validation,clay
732,44.38009,25.714989,35.04754,34.91,Validation,clay
733,33.605347,14.368627,23.986986,7.0,Validation,clay
734,28.314087,9.682073,18.99808,27.37,Validation,clay
735,35.493607,15.821087,25.657347,25.54,Validation,clay
736,30.45241,10.704393,20.578402,14.0,Validation,clay
737,13.39477,-5.001825,4.1964726,0.009999,Validation,clay
738,40.46718,22.351704,31.409441,35.1,Validation,clay
739,55.731884,35.794018,45.76295,24.02,Validation,clay
740,34.942986,16.106562,25.524773,25.33,Validation,clay
741,20.80738,2.3835325,11.595457,15.79,Validation,clay
742,17.667023,0.04038334,8.8537035,9.0,Validation,clay
743,14.990105,-2.5902672,6.1999187,2.04,Validation,clay
744,38.492695,20.466976,29.479836,22.0,Validation,clay
745,82.73621,62.738537,72.73737,80.0,Validation,clay
746,30.275848,10.540725,20.408287,24.0,Validation,clay
747,18.297897,0.02299881,9.160448,7.0,Validation,clay
748,29.310955,9.056378,19.183666,23.0,Validation,clay
749,17.14687,-0.891469,8.127701,2.0,Validation,clay
750,30.593239,12.345027,21.469133,21.0,Validation,clay
751,49.35173,31.350319,40.351025,38.12,Validation,clay
752,27.809525,9.0083475,18.408936,16.75,Validation,clay
753,62.287807,44.86983,53.57882,64.0,Validation,clay
754,74.00469,56.122124,65.06341,69.0,Validation,clay
755,13.038563,-4.8245525,4.107005,3.0,Validation,clay
756,58.129433,40.353996,49.241714,45.81,Validation,clay
757,39.06788,20.6816,29.87474,31.0,Validation,clay
758,26.602695,8.286354,17.444525,16.0,Validation,clay
759,18.076946,0.12370396,9.100326,7.0,Validation,clay
760,56.317356,38.630817,47.474087,51.0,Validation,clay
761,14.161456,-3.2700872,5.4456844,5.34,Validation,clay
762,56.221,38.52465,47.372826,50.55,Validation,clay
763,46.938553,28.987663,37.963108,37.0,Validation,clay
764,21.932903,4.030574,12.981738,10.0,Validation,clay
765,69.049576,50.253956,59.651764,63.0,Validation,clay
766,38.109093,20.50428,29.306686,35.0,Validation,clay
767,29.226978,11.012017,20.119497,21.0,Validation,clay
768,39.868713,21.918026,30.89337,33.0,Validation,clay
769,40.134407,21.843102,30.988754,32.0,Validation,clay
770,30.87632,12.911864,21.894093,18.6,Validation,clay
771,43.210598,25.4809,34.34575,34.0,Validation,clay
772,29.97551,11.565925,20.770718,24.0,Validation,clay
773,37.800728,20.187273,28.994,25.0,Validation,clay
774,30.0781,11.371012,20.724556,21.0,Validation,clay
775,33.147476,14.889954,24.018715,23.0,Validation,clay
776,37.338684,19.040934,28.18981,24.48,Validation,clay
777,44.759403,26.487629,35.623516,39.16,Validation,clay
778,14.365486,-3.5209203,5.4222827,6.76,Validation,clay
779,13.855446,-4.0842457,4.8856,1.0,Validation,clay
780,13.280578,-5.202924,4.038827,1.0,Validation,clay
781,50.413437,32.433426,41.42343,40.4,Validation,clay
782,37.03874,19.410809,28.224773,30.0,Validation,clay
783,43.11601,25.234959,34.175484,33.0,Validation,clay
784,20.97823,3.6260538,12.302141,16.0,Validation,clay
785,16.324646,-1.5255523,7.399547,1.0,Validation,clay
786,42.162987,24.389763,33.276375,33.0,Validation,clay
787,42.204796,24.07949,33.142143,34.0,Validation,clay
788,13.119957,-5.094996,4.0124803,3.0,Validation,clay
789,43.39795,25.278532,34.33824,33.0,Validation,clay
790,29.361694,9.8895,19.625597,17.0,Validation,clay
791,31.430073,13.050082,22.240078,22.0,Validation,clay
792,29.594788,11.798664,20.696726,16.47,Validation,clay
793,31.75549,14.120819,22.938154,24.0,Validation,clay
794,39.965984,22.198399,31.082191,28.0,Validation,clay
795,19.665524,1.5973597,10.631442,10.0,Validation,clay
796,24.939796,4.9095945,14.924695,8.83,Validation,clay
797,24.001423,6.364154,15.182788,11.0,Validation,clay
798,31.269592,12.879476,22.074533,22.0,Validation,clay
799,33.14579,15.247761,24.196775,25.0,Validation,clay
800,32.43134,13.993053,23.212196,21.0,Validation,clay
801,37.837082,19.689764,28.763424,34.0,Validation,clay
802,24.893612,7.1880484,16.04083,25.0,Validation,clay
803,24.236647,6.135908,15.186277,18.0,Validation,clay
804,38.797955,20.404358,29.601156,29.0,Validation,clay
805,18.72995,0.34196568,9.535958,8.0,Validation,clay
806,21.649044,4.1201944,12.884619,14.22,Validation,clay
807,47.120358,28.766048,37.943203,39.0,Validation,clay
808,22.090021,2.823492,12.456757,3.0,Validation,clay
809,13.114372,-4.5649505,4.274711,3.0,Validation,clay
810,12.926786,-4.709688,4.108549,2.0,Validation,clay
811,22.49952,4.4741507,13.4868355,1.0,Validation,clay
812,25.60701,7.163639,16.385324,15.0,Validation,clay
813,37.32682,19.372252,28.349535,31.0,Validation,clay
814,40.53259,21.742779,31.137684,37.0,Validation,clay
815,28.10121,9.524355,18.812782,12.0,Validation,clay
816,31.060781,13.560892,22.310837,22.0,Validation,clay
817,38.711914,20.853834,29.782873,32.0,Validation,clay
818,23.699482,5.992461,14.845971,8.0,Validation,clay
819,73.078835,55.076042,64.07744,55.82,Validation,clay
820,35.506958,16.741192,26.124075,24.0,Validation,clay
821,38.217922,19.74612,28.982021,18.53,Validation,clay
822,25.528357,7.7993526,16.663855,16.0,Validation,clay
823,27.399563,8.754391,18.076977,10.6,Validation,clay
824,13.570345,-4.275068,4.647639,0.7,Validation,clay
825,30.042276,10.6397,20.340988,20.0,Validation,clay
826,46.623158,28.395649,37.509403,40.0,Validation,clay
827,18.186306,-0.0015678406,9.092369,4.13,Validation,clay
828,39.446255,21.120567,30.283411,32.24,Validation,clay
829,30.102638,11.48294,20.79279,23.0,Validation,clay
830,40.12717,22.341656,31.234413,32.0,Validation,clay
831,37.49362,19.570757,28.532188,28.0,Validation,clay
832,51.339775,31.82522,41.582497,35.27,Validation,clay
833,39.357082,21.732597,30.54484,28.0,Validation,clay
834,18.58757,-0.9254265,8.831072,6.0,Validation,clay
835,28.135239,9.9208145,19.028027,23.0,Validation,clay
836,50.00299,31.622833,40.812912,38.62,Validation,clay
837,45.061317,27.071999,36.066658,40.0,Validation,clay
838,46.34437,27.981602,37.162987,45.0,Validation,clay
839,37.196045,19.594604,28.395325,27.0,Validation,clay
840,32.188446,13.542287,22.865366,22.0,Validation,clay
841,61.689293,43.899284,52.79429,53.0,Validation,clay
842,18.761616,1.3114061,10.036511,12.0,Validation,clay
843,47.61087,30.087751,38.84931,32.91,Validation,clay
844,28.205297,9.837126,19.021212,24.0,Validation,clay
845,14.060252,-3.6414423,5.209405,4.49,Validation,clay
846,55.785393,37.986717,46.886055,31.0,Validation,clay
847,21.176456,2.9969301,12.086694,9.17,Validation,clay
848,31.58331,13.168987,22.376148,22.0,Validation,clay
849,30.42427,12.164944,21.294607,19.0,Validation,clay
850,43.413216,25.60411,34.508663,37.0,Validation,clay
851,29.760948,10.064006,19.912477,17.0,Validation,clay
852,25.336792,6.748535,16.042664,21.0,Validation,clay
853,30.477913,12.36023,21.419071,22.0,Validation,clay
854,70.22525,52.59078,61.408016,68.0,Validation,clay
855,35.87406,17.022411,26.448236,28.0,Validation,clay
856,28.272717,9.98113,19.126923,10.0,Validation,clay
857,34.849792,16.314785,25.582289,27.0,Validation,clay
858,21.574448,3.730341,12.652394,11.32,Validation,clay
859,31.546265,13.576829,22.561546,23.0,Validation,clay
860,46.209858,28.174488,37.192173,50.0,Validation,clay
861,40.16587,22.434412,31.30014,33.78,Validation,clay
862,21.749825,3.9533615,12.851593,7.0,Validation,clay
863,30.60034,11.698923,21.149632,23.0,Validation,clay
864,29.885918,11.588351,20.737135,19.0,Validation,clay
865,36.292015,18.389328,27.340672,28.0,Validation,clay
866,30.267723,10.992787,20.630255,16.0,Validation,clay
867,20.267822,1.8988218,11.083323,8.63,Validation,clay
868,12.89233,-4.719397,4.0864663,3.0,Validation,clay
869,38.38672,20.36395,29.375336,31.0,Validation,clay
870,36.021835,17.929367,26.975601,28.0,Validation,clay
871,87.876724,69.460556,78.66864,81.0,Validation,clay
872,21.120249,3.2999306,12.21009,9.0,Validation,clay
873,12.57526,-5.0125103,3.781375,3.0,Validation,clay
874,13.988665,-5.055491,4.4665866,1.54,Validation,clay
875,12.941438,-4.8659143,4.0377617,5.0,Validation,clay
876,20.979427,3.0670652,12.023246,11.2,Validation,clay
877,27.249943,8.095337,17.67264,30.0,Validation,clay
878,80.969574,62.81738,71.89348,80.0,Validation,clay
879,31.946709,13.531205,22.738956,25.0,Validation,clay
880,63.286175,45.505672,54.395924,43.0,Validation,clay
881,63.99305,45.96234,54.977695,45.0,Validation,clay
882,35.380226,17.374702,26.377464,24.0,Validation,clay
883,30.30231,12.246094,21.274202,17.15,Validation,clay
884,34.962616,16.983845,25.97323,26.26,Validation,clay
885,29.264154,9.994635,19.629395,20.0,Validation,clay
886,43.81632,24.600048,34.208183,25.0,Validation,clay
887,35.322063,17.008678,26.16537,24.0,Validation,clay
888,49.814518,32.220104,41.01731,40.0,Validation,clay
889,33.108677,13.013986,23.06133,22.0,Validation,clay
890,35.681503,18.001595,26.841549,22.0,Validation,clay
891,49.535225,31.469,40.502113,44.0,Validation,clay
892,33.83074,15.046147,24.438444,20.0,Validation,clay
893,21.372723,3.0068045,12.189763,5.13,Validation,clay
894,32.705185,13.386646,23.045916,24.89,Validation,clay
895,17.414001,-0.06293011,8.675535,8.0,Validation,clay
896,12.727733,-4.9708853,3.878424,1.0,Validation,clay
897,31.140097,11.876528,21.508312,25.91,Validation,clay
898,12.689083,-5.216027,3.736528,2.55,Validation,clay
899,21.617592,3.6503592,12.633975,8.6,Validation,clay
900,79.365654,61.335262,70.35046,67.0,Validation,clay
901,31.227882,13.60687,22.417376,18.76,Validation,clay
902,39.441628,21.862686,30.652157,29.0,Validation,clay
903,44.506416,26.111145,35.30878,37.0,Validation,clay
904,42.129593,23.798027,32.96381,37.0,Validation,clay
905,36.602272,17.618313,27.110292,29.0,Validation,clay
906,16.180054,-1.8764482,7.1518025,6.05,Validation,clay
907,23.194069,5.005739,14.099904,14.0,Validation,clay
908,21.988049,3.9894886,12.988769,17.25,Validation,clay
909,17.36396,-0.31273842,8.525611,10.0,Validation,clay
910,38.361195,20.57373,29.467463,28.0,Validation,clay
911,54.378838,36.681946,45.53039,40.55,Validation,clay
912,41.59742,23.538597,32.56801,33.34,Validation,clay
913,32.09698,14.302235,23.199608,21.0,Validation,clay
914,13.527561,-4.6506095,4.438476,1.58,Validation,clay
915,32.460434,14.788789,23.62461,22.0,Validation,clay
916,35.37715,16.54088,25.959015,34.0,Validation,clay
917,30.855453,10.647441,20.751448,20.0,Validation,clay
918,44.05367,25.828358,34.941013,52.0,Validation,clay
919,41.795116,23.751804,32.77346,21.0,Validation,clay
920,31.095276,12.909248,22.002262,21.0,Validation,clay
921,25.190737,6.529297,15.860017,17.0,Validation,clay
922,39.589905,21.845282,30.717594,28.75,Validation,clay
923,29.293009,11.348207,20.320608,24.0,Validation,clay
924,33.759834,13.578165,23.669,28.0,Validation,clay
925,24.128399,4.097062,14.11273,13.0,Validation,clay
926,26.98193,9.005261,17.993595,19.76,Validation,clay
927,31.51862,12.872256,22.195438,26.59,Validation,clay
928,16.264366,-1.3334036,7.4654818,7.89,Validation,clay
929,13.22703,-4.4214535,4.402788,13.0,Validation,clay
930,24.20667,6.431219,15.318945,11.0,Validation,clay
931,46.30313,24.761375,35.532253,30.0,Validation,clay
932,45.397415,27.54716,36.472286,39.14,Validation,clay
933,46.634758,27.250383,36.94257,43.0,Validation,clay
934,36.581963,18.548756,27.56536,33.0,Validation,clay
935,17.805347,-0.39749527,8.703926,8.0,Validation,clay
936,31.28271,12.296274,21.789492,24.0,Validation,clay
937,27.285622,8.413119,17.849371,21.0,Validation,clay
938,35.449577,17.04738,26.24848,26.0,Validation,clay
939,38.4593,20.510185,29.484743,28.0,Validation,clay
940,75.09363,57.24359,66.16861,66.33,Validation,clay
941,32.94421,14.434296,23.689253,24.0,Validation,clay
942,33.2539,13.779176,23.516537,10.0,Validation,clay
943,31.35968,12.602832,21.981256,21.0,Validation,clay
944,37.87866,19.978462,28.92856,32.0,Validation,clay
945,26.352661,8.452876,17.40277,12.32,Validation,clay
946,45.795467,27.853672,36.82457,35.19,Validation,clay
947,18.738995,-0.16393375,9.287531,10.0,Validation,clay
948,36.495285,18.924261,27.709774,29.0,Validation,clay
949,35.232063,16.31256,25.772312,25.0,Validation,clay
950,12.692617,-4.9865303,3.8530436,1.0,Validation,clay
951,67.12695,49.473293,58.30012,69.92,Validation,clay
952,31.41227,11.95816,21.685215,20.0,Validation,clay
953,22.406086,4.2832603,13.344673,11.0,Validation,clay
954,34.84612,15.990543,25.418331,32.0,Validation,clay
955,62.43422,44.213562,53.32389,53.3,Validation,clay
956,26.886963,8.43818,17.66257,18.44,Validation,clay
957,25.306953,7.0053596,16.156157,8.0,Validation,clay
958,83.63431,64.416565,74.02544,68.0,Validation,clay
959,25.157581,6.228421,15.693002,21.69,Validation,clay
960,22.750355,2.500145,12.62525,8.0,Validation,clay
961,29.111668,11.309402,20.210535,20.0,Validation,clay
962,33.97286,15.937732,24.955296,25.0,Validation,clay
963,27.919441,8.087253,18.003347,16.0,Validation,clay
964,32.444702,14.546476,23.49559,24.0,Validation,clay
965,29.199467,11.69382,20.446644,26.0,Validation,clay
966,23.648731,5.9498596,14.799295,12.0,Validation,clay
967,42.74946,24.803123,33.77629,33.0,Validation,clay
968,56.593956,38.68006,47.63701,51.08,Validation,clay
969,14.327919,-3.3645053,5.481707,28.0,Validation,clay
970,66.72094,48.850292,57.785618,72.78,Validation,clay
971,22.329063,3.7044954,13.016779,17.68,Validation,clay
972,37.367588,19.93277,28.650179,27.0,Validation,clay
973,32.242123,14.437303,23.339712,24.0,Validation,clay
974,41.560966,22.989342,32.275154,6.0,Validation,clay
975,31.660988,13.15128,22.406134,22.0,Validation,clay
976,33.226677,14.966597,24.096636,25.55,Validation,clay
977,19.054668,-1.0645266,8.995071,7.0,Validation,clay
978,13.389244,-5.124992,4.1321263,2.51,Validation,clay
979,37.06051,18.010586,27.535547,29.0,Validation,clay
980,52.554764,34.739212,43.646988,47.88,Validation,clay
981,21.186504,2.437313,11.811909,11.72,Validation,clay
982,35.42618,16.558754,25.992468,28.0,Validation,clay
983,20.160799,2.133541,11.14717,16.0,Validation,clay
984,58.74643,40.90232,49.824375,50.0,Validation,clay
985,38.644844,20.162329,29.403587,29.0,Validation,clay
986,52.947678,34.86731,43.907494,48.17,Validation,clay
987,14.504132,-3.5287428,5.4876947,2.0,Validation,clay
988,43.985245,25.484411,34.73483,34.23,Validation,clay
989,82.5782,64.74222,73.66021,81.0,Validation,clay
990,32.201366,13.486885,22.844126,30.0,Validation,clay
991,69.591934,52.190876,60.891407,60.0,Validation,clay
992,21.33081,3.6426811,12.486746,11.13,Validation,clay
993,15.29871,-2.9002872,6.1992116,7.0,Validation,clay
994,27.405571,9.887845,18.646708,17.0,Validation,clay
995,28.10482,10.457942,19.281382,24.0,Validation,clay
996,47.27393,29.394161,38.334045,37.0,Validation,clay
997,30.387188,12.033733,21.21046,21.0,Validation,clay
998,16.775497,-1.1592989,7.808099,11.0,Validation,clay
999,21.745289,2.1608381,11.953063,14.0,Validation,clay
1000,14.167658,-3.57311,5.297274,6.0,Validation,clay
1001,26.849518,9.03967,17.944593,16.0,Validation,clay
1002,24.912777,5.6125555,15.262666,25.91,Validation,clay
1003,16.444523,-1.5629148,7.4408045,12.0,Validation,clay
1004,46.323254,28.112705,37.21798,38.0,Validation,clay
0,62.362988,37.333515,49.84825,53.870003,Validation,silt
1,53.343594,27.758877,40.551235,45.39,Validation,silt
2,45.030174,20.908073,32.969124,23.483,Validation,silt
3,64.030334,38.392624,51.21148,49.93,Validation,silt
4,73.772415,46.953144,60.362778,62.72,Validation,silt
5,84.14804,55.12636,69.6372,63.709995,Validation,silt
6,55.53042,30.628782,43.0796,29.39,Validation,silt
7,56.592342,30.774815,43.68358,54.202,Validation,silt
8,60.640984,35.667038,48.15401,53.0,Validation,silt
9,74.81825,48.543343,61.680798,69.38,Validation,silt
10,65.45137,39.123245,52.287308,48.95,Validation,silt
11,86.624176,57.905792,72.264984,72.44,Validation,silt
12,71.80795,44.86954,58.33875,56.640003,Validation,silt
13,79.67636,52.983368,66.329865,65.0,Validation,silt
14,16.957468,-7.128061,4.914704,1.64,Validation,silt
15,62.249954,36.497643,49.3738,50.37,Validation,silt
16,67.98087,39.865005,53.92294,39.08,Validation,silt
17,67.564285,41.263435,54.41386,45.0,Validation,silt
18,29.113323,4.2953033,16.704313,51.58,Validation,silt
19,77.2311,51.750416,64.49076,65.93,Validation,silt
20,19.370003,-4.3943615,7.4878206,5.58,Validation,silt
21,50.140133,25.697872,37.919003,43.817997,Validation,silt
22,53.79592,29.510735,41.653328,50.03,Validation,silt
23,54.26824,30.137169,42.202705,43.65,Validation,silt
24,55.659775,31.101847,43.38081,45.0,Validation,silt
25,76.45203,49.34101,62.89652,49.94,Validation,silt
26,54.911472,30.520016,42.715744,44.95,Validation,silt
27,41.967438,17.708042,29.83774,30.39,Validation,silt
28,77.89746,51.600742,64.7491,63.58,Validation,silt
29,74.4924,48.654846,61.573624,60.0,Validation,silt
30,72.56865,45.60671,59.08768,56.72,Validation,silt
31,68.55498,43.59024,56.07261,56.0,Validation,silt
32,34.92368,9.3200035,22.121841,30.580002,Validation,silt
33,54.86556,30.304943,42.58525,51.4,Validation,silt
34,71.03325,43.509888,57.27157,60.97,Validation,silt
35,66.82389,40.619934,53.721912,47.889996,Validation,silt
36,76.30524,49.427788,62.866512,70.604,Validation,silt
37,19.829197,-4.1191,7.8550487,3.576,Validation,silt
38,85.33399,56.691643,71.01282,74.996,Validation,silt
39,17.4212,-6.6752515,5.372974,4.0,Validation,silt
40,55.1202,30.565954,42.84308,41.65,Validation,silt
41,76.65866,50.60335,63.63101,60.370003,Validation,silt
42,68.10701,42.481415,55.294212,49.730003,Validation,silt
43,32.66828,8.899617,20.783949,31.93,Validation,silt
44,82.80222,53.916405,68.359314,64.61,Validation,silt
45,54.18419,29.292526,41.738358,39.0,Validation,silt
46,35.7615,10.188225,22.974863,24.744003,Validation,silt
47,75.09313,48.242493,61.667812,60.100002,Validation,silt
48,82.47429,53.88257,68.17843,69.407005,Validation,silt
49,34.463062,9.887619,22.17534,15.51,Validation,silt
50,47.246216,22.578646,34.91243,42.980003,Validation,silt
51,62.89668,37.034634,49.965656,48.23,Validation,silt
52,58.74573,32.815166,45.78045,54.690002,Validation,silt
53,59.64344,35.189713,47.416576,43.58,Validation,silt
54,86.960075,58.34951,72.65479,66.09,Validation,silt
55,67.55668,38.397465,52.97707,51.58,Validation,silt
56,45.84605,21.396473,33.62126,27.439999,Validation,silt
57,59.164223,34.228973,46.696598,51.010002,Validation,silt
58,73.00632,47.139145,60.07273,61.79,Validation,silt
59,26.429428,2.1850576,14.307242,9.93,Validation,silt
60,57.703026,32.875053,45.28904,32.8,Validation,silt
61,59.195816,34.164368,46.68009,38.620003,Validation,silt
62,55.35415,30.873123,43.113636,39.04,Validation,silt
63,36.702515,12.921093,24.811804,23.0,Validation,silt
64,70.33818,44.707222,57.5227,51.0,Validation,silt
65,71.99237,46.529007,59.26069,65.66,Validation,silt
66,29.808823,6.1206512,17.964737,12.0,Validation,silt
67,85.41393,56.77798,71.095955,68.054,Validation,silt
68,39.97158,15.180624,27.576101,29.16,Validation,silt
69,47.518784,22.1473,34.833042,28.939999,Validation,silt
70,64.24144,39.90463,52.073036,47.0,Validation,silt
71,40.124912,12.368947,26.24693,36.93,Validation,silt
72,52.94775,28.40623,40.67699,22.440002,Validation,silt
73,61.402733,36.482338,48.942535,54.0,Validation,silt
74,57.55809,32.62819,45.09314,49.3,Validation,silt
75,50.027237,25.240667,37.633953,38.0,Validation,silt
76,43.0539,18.262856,30.658379,26.649998,Validation,silt
77,77.76857,50.440174,64.10437,65.537,Validation,silt
78,34.106236,10.150208,22.128222,23.770004,Validation,silt
79,57.52585,32.31002,44.917934,63.019997,Validation,silt
80,68.992065,43.642307,56.317184,52.400005,Validation,silt
81,74.62386,49.696075,62.15997,64.72,Validation,silt
82,48.50978,24.06991,36.289845,43.58,Validation,silt
83,27.55106,3.246994,15.399027,6.8599997,Validation,silt
84,37.068512,12.460087,24.7643,32.86,Validation,silt
85,47.409218,23.301659,35.35544,33.0,Validation,silt
86,59.197136,33.879036,46.538086,45.93,Validation,silt
87,53.794254,28.261654,41.027954,32.87,Validation,silt
88,60.13024,35.081917,47.60608,40.23,Validation,silt
89,59.73588,33.234272,46.485077,49.97,Validation,silt
90,54.495583,30.285547,42.390564,44.37,Validation,silt
91,78.62694,51.162262,64.8946,71.72,Validation,silt
92,47.236256,21.69469,34.465473,27.880001,Validation,silt
93,36.2648,12.413777,24.339289,27.439999,Validation,silt
94,68.04586,41.5987,54.82228,43.16,Validation,silt
95,72.12527,46.411076,59.268173,67.65,Validation,silt
96,57.692398,32.85617,45.274284,38.600002,Validation,silt
97,24.771385,0.8007059,12.786045,8.0,Validation,silt
98,49.27606,23.402721,36.33939,9.24,Validation,silt
99,68.89795,43.44842,56.173187,56.0,Validation,silt
100,54.442425,28.265392,41.35391,42.16,Validation,silt
101,49.963474,25.531712,37.747593,28.439999,Validation,silt
102,102.72383,67.17703,84.95043,83.93,Validation,silt
103,78.18671,51.06711,64.62691,65.089,Validation,silt
104,20.47767,-3.3815975,8.548037,9.0,Validation,silt
105,89.28745,59.757984,74.52272,72.79,Validation,silt
106,54.34163,29.12678,41.734203,41.37,Validation,silt
107,62.851883,37.924706,50.388294,40.02,Validation,silt
108,64.531685,39.8521,52.19189,46.93,Validation,silt
109,70.60329,44.927826,57.765556,48.0,Validation,silt
110,58.811752,33.883827,46.34779,52.879997,Validation,silt
111,56.18348,31.499903,43.84169,52.2,Validation,silt
112,71.267624,45.106438,58.18703,66.79,Validation,silt
113,75.80886,49.60842,62.70864,72.0,Validation,silt
114,36.41703,11.83235,24.124691,26.79,Validation,silt
115,87.34125,58.487,72.91412,64.418,Validation,silt
116,69.02461,43.022827,56.02372,49.79,Validation,silt
117,16.887665,-7.0241117,4.931777,3.85,Validation,silt
118,63.04315,37.893845,50.4685,46.95,Validation,silt
119,58.430122,33.261032,45.845577,50.879997,Validation,silt
120,24.55204,0.5187912,12.535416,18.82,Validation,silt
121,70.86836,46.049614,58.45899,69.0,Validation,silt
122,78.1152,50.476494,64.295845,66.44,Validation,silt
123,62.145035,34.836174,48.490604,58.53,Validation,silt
124,59.226864,33.80556,46.516212,50.022,Validation,silt
125,42.384525,18.049023,30.216774,23.23,Validation,silt
126,73.81609,46.2949,60.055496,52.0,Validation,silt
127,68.02519,42.56924,55.297215,47.3,Validation,silt
128,59.260384,34.53637,46.898376,49.230003,Validation,silt
129,74.476555,48.02066,61.248608,64.340004,Validation,silt
130,48.61452,24.235088,36.424805,35.44,Validation,silt
131,56.74827,30.710037,43.729153,41.370003,Validation,silt
132,63.392605,38.216953,50.80478,51.81,Validation,silt
133,60.670414,36.473965,48.57219,49.72,Validation,silt
134,90.41609,61.835464,76.12578,73.65,Validation,silt
135,74.62536,47.961018,61.29319,61.0,Validation,silt
136,63.608494,39.007046,51.30777,58.65,Validation,silt
137,54.99944,29.322384,42.16091,46.300003,Validation,silt
138,85.994675,54.59958,70.29713,70.86,Validation,silt
139,25.47036,0.7127304,13.091545,16.0,Validation,silt
140,39.86368,15.62918,27.746431,14.51,Validation,silt
141,64.67155,37.82219,51.24687,68.630005,Validation,silt
142,72.00165,45.80648,58.904064,54.0,Validation,silt
143,59.08647,34.226303,46.656387,44.0,Validation,silt
144,72.84871,46.68876,59.768734,52.79,Validation,silt
145,79.66205,50.627125,65.144585,61.89,Validation,silt
146,41.680218,17.597446,29.638832,46.0,Validation,silt
147,55.487213,30.351616,42.919415,30.439999,Validation,silt
148,47.474457,22.85987,35.167164,38.640003,Validation,silt
149,74.84256,49.041523,61.94204,57.440002,Validation,silt
150,70.194,43.790447,56.99222,51.06,Validation,silt
151,82.568054,54.13289,68.35047,68.896996,Validation,silt
152,60.435883,35.874535,48.15521,52.95,Validation,silt
153,71.24302,45.64023,58.441624,60.0,Validation,silt
154,38.6293,13.912887,26.271093,21.62,Validation,silt
155,31.50537,7.1974316,19.3514,28.68,Validation,silt
156,77.620735,50.92614,64.27344,64.0,Validation,silt
157,85.83673,56.47635,71.15654,68.856,Validation,silt
158,58.029537,32.99512,45.51233,45.29,Validation,silt
159,49.91294,25.700666,37.806805,45.72,Validation,silt
160,73.79882,47.88845,60.843636,61.300003,Validation,silt
161,74.27032,48.85248,61.5614,61.86,Validation,silt
162,82.615746,55.224266,68.920006,65.37,Validation,silt
163,41.436474,17.061886,29.24918,28.100002,Validation,silt
164,31.238438,6.764945,19.001692,21.93,Validation,silt
165,58.61217,33.69498,46.153576,39.58,Validation,silt
166,64.66594,39.81279,52.239365,49.0,Validation,silt
167,59.194084,34.801727,46.997906,52.440002,Validation,silt
168,43.302467,18.797024,31.049746,31.51,Validation,silt
169,46.14319,21.727325,33.935257,39.64,Validation,silt
170,25.126411,0.9182949,13.022353,8.53,Validation,silt
171,80.73774,53.199516,66.96863,68.616005,Validation,silt
172,62.66167,36.045155,49.353413,61.0,Validation,silt
173,70.347435,44.866226,57.60683,55.0,Validation,silt
174,60.906742,36.197918,48.55233,59.210003,Validation,silt
175,56.109177,31.433258,43.771217,40.320004,Validation,silt
176,34.37848,10.374236,22.376358,17.28,Validation,silt
177,79.872246,50.7976,65.33492,50.72,Validation,silt
178,76.589874,50.190834,63.390354,61.0,Validation,silt
179,60.170948,34.8865,47.528725,46.070004,Validation,silt
180,64.84691,40.565506,52.706207,50.0,Validation,silt
181,92.53166,62.18138,77.35652,78.455,Validation,silt
182,57.829468,32.397636,45.113552,45.829998,Validation,silt
183,46.48547,21.686771,34.08612,42.352,Validation,silt
184,72.277336,47.20249,59.739914,54.72,Validation,silt
185,61.25918,36.673103,48.96614,44.0,Validation,silt
186,77.68118,51.146526,64.41386,65.0,Validation,silt
187,58.43576,33.488495,45.962128,59.27,Validation,silt
188,64.316475,37.480278,50.898376,63.67,Validation,silt
189,51.972534,27.456778,39.714657,42.300003,Validation,silt
190,75.930145,50.28143,63.105785,71.9928,Validation,silt
191,28.92212,4.1892395,16.55568,13.23,Validation,silt
192,49.965748,23.858814,36.91228,43.730003,Validation,silt
193,63.494537,38.790962,51.14275,52.93,Validation,silt
194,73.036194,47.915707,60.475952,60.09,Validation,silt
195,65.15177,39.351326,52.25155,46.665,Validation,silt
196,66.24492,40.68722,53.46607,44.539,Validation,silt
197,77.942795,51.599136,64.770966,56.6,Validation,silt
198,28.355434,3.495164,15.9253,14.93,Validation,silt
199,63.93083,38.95551,51.44317,51.230003,Validation,silt
200,66.69609,41.31911,54.007603,52.0,Validation,silt
201,35.301426,10.833886,23.067656,15.673,Validation,silt
202,73.91264,47.290142,60.60139,62.0,Validation,silt
203,74.45945,47.475708,60.96758,70.66,Validation,silt
204,72.064125,47.070244,59.567184,58.0,Validation,silt
205,49.99669,25.270584,37.633636,57.08,Validation,silt
206,56.401855,29.734772,43.068314,49.93,Validation,silt
207,72.61152,45.207226,58.90937,55.74,Validation,silt
208,75.059296,49.42352,62.24141,57.0,Validation,silt
209,65.087234,39.140766,52.114,50.6,Validation,silt
210,84.32735,56.527935,70.42764,72.93,Validation,silt
211,53.280384,27.414394,40.34739,40.39,Validation,silt
212,40.05255,15.398724,27.725637,34.47,Validation,silt
213,59.540287,34.923664,47.231976,40.0,Validation,silt
214,38.278427,13.674811,25.97662,33.95,Validation,silt
215,70.2449,44.63118,57.43804,55.454,Validation,silt
216,78.74276,52.307808,65.52528,62.79,Validation,silt
217,65.14112,38.029594,51.585358,49.440002,Validation,silt
218,33.156853,9.159115,21.157984,13.0199995,Validation,silt
219,72.834496,43.223152,58.028824,64.73,Validation,silt
220,57.4572,32.59838,45.02779,49.0,Validation,silt
221,27.675457,3.6565075,15.665982,8.280001,Validation,silt
222,24.980915,0.33075523,12.655835,5.071,Validation,silt
223,22.550709,-1.6491566,10.450776,16.58,Validation,silt
224,53.32848,27.35831,40.343395,34.37,Validation,silt
225,77.7142,50.80603,64.26012,59.510002,Validation,silt
226,79.700195,51.111588,65.40589,63.893997,Validation,silt
227,67.54978,41.55075,54.550266,67.03,Validation,silt
228,34.429283,10.282648,22.355967,22.010002,Validation,silt
229,51.28887,27.095179,39.192024,35.0,Validation,silt
230,81.86345,54.409546,68.1365,66.523994,Validation,silt
231,72.502235,47.55133,60.026783,57.51,Validation,silt
232,54.726303,30.337889,42.532097,43.0,Validation,silt
233,57.36088,32.63799,44.999435,39.652,Validation,silt
234,61.650806,36.6683,49.159554,48.660004,Validation,silt
235,49.53155,24.711079,37.121315,29.3,Validation,silt
236,59.072353,34.969166,47.02076,54.58,Validation,silt
237,42.286324,17.99981,30.143066,45.86,Validation,silt
238,47.82116,23.73471,35.777935,32.45,Validation,silt
239,58.459236,32.74727,45.603252,37.280003,Validation,silt
240,66.9344,41.921436,54.427917,44.0,Validation,silt
241,84.404434,55.36081,69.88262,72.858,Validation,silt
242,69.99089,43.825592,56.90824,53.23,Validation,silt
243,63.983635,38.400146,51.19189,44.009995,Validation,silt
244,18.987595,-5.0201406,6.9837275,10.21,Validation,silt
245,51.508793,26.50539,39.00709,41.09,Validation,silt
246,55.591976,30.90768,43.24983,43.610004,Validation,silt
247,54.65123,29.935974,42.293602,36.590004,Validation,silt
248,78.33331,52.433167,65.38324,47.25,Validation,silt
249,80.97476,53.929367,67.452065,58.894,Validation,silt
250,46.864998,22.317556,34.591278,36.58,Validation,silt
251,67.93922,42.266968,55.103092,36.58,Validation,silt
252,59.06572,31.70462,45.38517,53.23,Validation,silt
253,18.377356,-5.609129,6.3841133,2.4299998,Validation,silt
254,72.30069,46.165928,59.233307,59.0,Validation,silt
255,71.151344,45.624046,58.387695,62.58,Validation,silt
256,59.411774,34.705246,47.05851,59.370003,Validation,silt
257,77.778,51.930878,64.85444,64.3,Validation,silt
258,75.3988,49.076008,62.237404,63.16,Validation,silt
259,77.43665,50.71175,64.0742,67.0,Validation,silt
260,57.009296,32.015316,44.512306,40.620003,Validation,silt
261,63.18895,38.88096,51.034954,61.58,Validation,silt
262,65.311005,40.385723,52.848362,51.0,Validation,silt
263,59.16982,32.5292,45.84951,51.954998,Validation,silt
264,58.43781,33.55425,45.99603,41.99,Validation,silt
265,79.57649,52.78696,66.181725,65.58,Validation,silt
266,42.562683,18.423477,30.49308,35.09,Validation,silt
267,35.354088,10.871961,23.113024,10.650002,Validation,silt
268,48.583633,24.537691,36.56066,48.0,Validation,silt
269,70.52396,42.357983,56.440968,48.04,Validation,silt
270,37.6029,12.718783,25.160843,33.86,Validation,silt
271,43.674713,19.522615,31.598665,41.470005,Validation,silt
272,81.48278,52.23736,66.86007,66.44,Validation,silt
273,88.96007,58.07474,73.5174,72.37,Validation,silt
274,32.554733,8.670993,20.612864,24.0,Validation,silt
275,58.60962,33.986404,46.29801,47.370003,Validation,silt
276,50.738518,25.673218,38.205868,40.53,Validation,silt
277,85.67785,55.33755,70.5077,69.44,Validation,silt
278,63.68492,37.585693,50.635307,53.8,Validation,silt
279,49.62284,25.209826,37.416332,15.65,Validation,silt
280,56.18673,31.117844,43.652287,45.33,Validation,silt
281,62.365158,37.648277,50.006718,47.250004,Validation,silt
282,72.055244,46.451126,59.253185,61.0,Validation,silt
283,76.793,51.718872,64.255936,71.79,Validation,silt
284,35.957024,11.699374,23.8282,10.990001,Validation,silt
285,82.09726,56.044987,69.07112,68.79,Validation,silt
286,62.227833,37.04539,49.636612,43.0,Validation,silt
287,39.39735,15.018092,27.207722,18.23,Validation,silt
288,46.85528,20.167622,33.51145,31.810001,Validation,silt
289,71.76984,46.133427,58.951633,53.440002,Validation,silt
290,74.20569,48.394962,61.300323,57.0,Validation,silt
291,51.47102,27.090435,39.280727,33.469997,Validation,silt
292,39.10842,14.715448,26.911936,30.23,Validation,silt
293,67.888824,43.650764,55.769794,55.0,Validation,silt
294,22.08463,-3.4441442,9.320243,3.8789978,Validation,silt
295,81.976166,55.101273,68.53872,71.0,Validation,silt
296,33.83182,8.714091,21.272957,15.93,Validation,silt
297,53.292137,28.886208,41.089172,45.23,Validation,silt
298,54.939117,30.105051,42.522083,35.39,Validation,silt
299,50.086155,25.854404,37.97028,35.170002,Validation,silt
300,42.875313,17.194016,30.034664,20.78,Validation,silt
301,46.105816,20.184261,33.14504,35.65,Validation,silt
302,77.66228,50.858658,64.26047,62.0,Validation,silt
303,60.309837,35.985413,48.147625,51.0,Validation,silt
304,57.540634,31.499414,44.520023,58.81,Validation,silt
305,70.74742,45.61178,58.1796,53.912994,Validation,silt
306,53.46334,28.944206,41.203773,34.65,Validation,silt
307,87.797264,59.426292,73.61178,47.16,Validation,silt
308,77.856384,51.63735,64.746864,57.0,Validation,silt
309,61.24259,35.35058,48.296585,50.442,Validation,silt
310,24.181776,0.14677048,12.164273,20.0,Validation,silt
311,74.51392,47.87888,61.1964,68.6,Validation,silt
312,57.991665,33.54649,45.769077,62.86,Validation,silt
313,59.208164,34.153522,46.680843,48.0,Validation,silt
314,90.683716,58.316727,74.50022,86.86,Validation,silt
315,68.89601,43.072384,55.984196,40.210003,Validation,silt
316,38.09605,13.798579,25.947315,40.37,Validation,silt
317,61.164886,35.79145,48.47817,46.0,Validation,silt
318,77.95424,50.899967,64.4271,66.0,Validation,silt
319,19.81548,-4.0767646,7.8693576,6.0,Validation,silt
320,43.645298,18.966507,31.305902,40.81,Validation,silt
321,46.063175,21.685947,33.87456,23.844,Validation,silt
322,36.739876,12.911175,24.825525,27.229998,Validation,silt
323,57.42778,32.510452,44.969116,45.79,Validation,silt
324,70.81078,45.466446,58.138615,57.0,Validation,silt
325,55.841934,29.795424,42.81868,57.02,Validation,silt
326,67.146416,41.808575,54.477497,60.6,Validation,silt
327,60.49199,34.568253,47.53012,43.171997,Validation,silt
328,21.026146,-2.5657825,9.230182,4.0,Validation,silt
329,85.48486,56.72849,71.106674,66.23,Validation,silt
330,72.36732,45.984665,59.17599,61.78,Validation,silt
331,64.35655,37.309547,50.83305,51.34,Validation,silt
332,81.08831,54.07334,67.580826,74.52,Validation,silt
333,43.625744,18.362648,30.994196,38.02,Validation,silt
334,85.553444,53.540382,69.54691,73.53,Validation,silt
335,64.87192,39.9797,52.425808,49.160004,Validation,silt
336,84.47767,57.45115,70.96441,74.0,Validation,silt
337,75.33598,49.596542,62.466263,59.67,Validation,silt
338,55.474384,30.92352,43.19895,43.44,Validation,silt
339,54.438507,29.550117,41.994312,49.0,Validation,silt
340,38.137398,14.075174,26.106287,26.37,Validation,silt
341,84.37372,57.121265,70.74749,74.0,Validation,silt
342,45.232433,20.80685,33.01964,30.39,Validation,silt
343,60.15194,34.633812,47.392876,56.51,Validation,silt
344,43.882774,19.488224,31.6855,35.65,Validation,silt
345,64.81174,38.52952,51.670628,48.2,Validation,silt
346,37.851562,13.755846,25.803703,29.551003,Validation,silt
347,55.75903,30.565235,43.162132,36.440002,Validation,silt
348,46.675377,19.895134,33.285255,36.93,Validation,silt
349,59.11634,34.48015,46.798244,48.0,Validation,silt
350,31.468632,6.648999,19.058815,20.72,Validation,silt
351,81.310455,55.603134,68.456795,67.86,Validation,silt
352,62.030025,37.768635,49.89933,49.0,Validation,silt
353,97.074844,64.55707,80.815956,87.58,Validation,silt
354,73.02537,45.824284,59.424824,53.780003,Validation,silt
355,48.33537,23.98344,36.159405,43.81,Validation,silt
356,59.05556,32.422237,45.7389,36.49,Validation,silt
357,40.886734,15.254862,28.070799,9.75,Validation,silt
358,47.863693,23.76532,35.814507,27.17,Validation,silt
359,69.88731,42.58499,56.23615,64.39,Validation,silt
360,66.183,40.77332,53.478157,54.95,Validation,silt
361,72.07076,45.96808,59.01942,58.72,Validation,silt
362,60.92498,34.51866,47.72182,49.46,Validation,silt
363,84.971146,56.701626,70.83639,66.65,Validation,silt
364,24.75113,0.8733444,12.812237,13.0,Validation,silt
365,65.00715,39.681854,52.3445,59.370003,Validation,silt
366,46.59868,21.738266,34.168472,27.42,Validation,silt
367,63.43466,35.41101,49.422836,49.83,Validation,silt
368,48.26481,23.374054,35.81943,43.09,Validation,silt
369,65.683304,40.011646,52.847473,57.200005,Validation,silt
370,37.000523,11.708657,24.35459,15.93,Validation,silt
371,37.176933,12.644991,24.910961,26.16,Validation,silt
372,68.11244,42.81724,55.464844,52.0,Validation,silt
373,67.636246,42.892307,55.26428,59.65,Validation,silt
374,49.73585,25.138355,37.437103,47.669994,Validation,silt
375,20.651999,-3.344225,8.653887,10.0,Validation,silt
376,47.73997,23.52792,35.633945,36.0,Validation,silt
377,19.841167,-4.241579,7.799794,0.6500001,Validation,silt
378,91.08576,61.694523,76.390144,85.58,Validation,silt
379,74.33961,47.927643,61.133625,62.0,Validation,silt
380,70.54771,44.38063,57.46417,63.15,Validation,silt
381,43.04698,19.00324,31.02511,29.44,Validation,silt
382,50.64298,24.800037,37.721508,31.580002,Validation,silt
383,17.000862,-6.8535333,5.073664,1.79,Validation,silt
384,78.93509,52.709034,65.82206,64.0,Validation,silt
385,74.28881,47.66633,60.97757,59.0,Validation,silt
386,49.05519,24.874884,36.96504,26.169998,Validation,silt
387,48.903904,23.91888,36.411392,44.37,Validation,silt
388,68.34517,42.588562,55.466866,54.99,Validation,silt
389,75.145996,49.19755,62.171772,66.0,Validation,silt
390,40.404087,16.153164,28.278625,33.51,Validation,silt
391,59.894485,35.47917,47.68683,44.72,Validation,silt
392,72.4552,45.593758,59.02448,66.23,Validation,silt
393,32.662178,8.112771,20.387474,10.23,Validation,silt
394,37.91517,14.184145,26.049658,27.379997,Validation,silt
395,54.63563,29.251125,41.94338,36.59,Validation,silt
396,56.00621,27.97349,41.98985,44.0,Validation,silt
397,83.82866,55.864655,69.84666,77.93,Validation,silt
398,59.6035,34.23443,46.918964,51.02,Validation,silt
399,69.487564,43.34627,56.416916,57.0,Validation,silt
400,42.052444,17.517355,29.784899,28.32,Validation,silt
401,28.789454,4.85079,16.820122,12.58,Validation,silt
402,65.83945,41.12475,53.482098,52.620003,Validation,silt
403,57.485725,32.53499,45.010357,40.72,Validation,silt
404,70.04717,44.662003,57.354588,57.510002,Validation,silt
405,83.777306,55.70565,69.74148,67.907005,Validation,silt
406,31.481829,7.4005146,19.441172,40.43,Validation,silt
407,49.24971,25.482323,37.366016,44.93,Validation,silt
408,79.794106,53.057945,66.426025,59.54,Validation,silt
409,41.154545,17.083824,29.119184,38.97,Validation,silt
410,38.40076,14.705582,26.553171,30.98,Validation,silt
411,44.197742,19.783516,31.99063,24.37,Validation,silt
412,41.18486,16.09832,28.64159,33.45,Validation,silt
413,50.005272,25.102524,37.553898,39.280003,Validation,silt
414,58.3221,33.55576,45.93893,39.7,Validation,silt
415,78.98989,52.85042,65.92016,64.0,Validation,silt
416,33.04979,8.938322,20.994057,12.250001,Validation,silt
417,82.96581,55.102654,69.03423,70.75,Validation,silt
418,60.24008,34.88896,47.56452,49.6,Validation,silt
419,59.737133,33.795185,46.76616,53.16,Validation,silt
420,69.40793,43.568115,56.48802,59.65,Validation,silt
421,18.533068,-5.4590125,6.537028,5.0,Validation,silt
422,52.596138,28.182327,40.389233,34.35,Validation,silt
423,75.42525,49.22334,62.32429,68.93,Validation,silt
424,47.50082,22.814724,35.157772,31.16,Validation,silt
425,88.947815,60.523407,74.73561,79.58,Validation,silt
426,20.776836,-3.1335993,8.821618,2.0,Validation,silt
427,63.30489,38.11043,50.70766,56.019997,Validation,silt
428,87.93621,56.580513,72.25836,77.886,Validation,silt
429,69.93886,42.388832,56.163845,59.3,Validation,silt
430,75.64491,49.0835,62.364204,58.0,Validation,silt
431,76.22943,49.554543,62.891987,59.0,Validation,silt
432,71.538605,45.866676,58.70264,64.0,Validation,silt
433,56.627506,32.047123,44.337315,66.65,Validation,silt
434,51.929256,25.567226,38.74824,66.86,Validation,silt
435,55.333763,29.320839,42.3273,45.83,Validation,silt
436,63.62747,39.140995,51.38423,42.0,Validation,silt
437,81.393295,54.520496,67.956894,71.53,Validation,silt
438,60.56221,35.37932,47.970764,54.510002,Validation,silt
439,54.292385,28.884548,41.588467,39.74,Validation,silt
440,81.80325,54.171505,67.98738,70.79,Validation,silt
441,77.5077,50.696907,64.1023,63.0,Validation,silt
442,76.774666,49.54444,63.159554,60.800003,Validation,silt
443,31.306614,7.1061897,19.206402,31.86,Validation,silt
444,64.2352,39.743534,51.98937,51.0,Validation,silt
445,86.03142,58.233643,72.13253,84.93,Validation,silt
446,70.9768,44.439667,57.708233,58.16,Validation,silt
447,79.17058,52.767838,65.96921,60.44,Validation,silt
448,49.821255,25.736324,37.77879,37.0,Validation,silt
449,68.73036,43.663074,56.19672,61.0,Validation,silt
450,51.3919,26.816322,39.10411,51.390003,Validation,silt
451,45.83433,21.493748,33.66404,4.99,Validation,silt
452,66.071175,41.48784,53.779507,61.0,Validation,silt
453,63.822243,38.43303,51.127636,48.0,Validation,silt
454,18.886864,-5.467416,6.7097244,6.06,Validation,silt
455,35.22561,11.122683,23.174145,23.370003,Validation,silt
456,26.869791,2.5989246,14.734358,5.86,Validation,silt
457,56.334137,31.60534,43.969738,41.58,Validation,silt
458,45.550518,21.57278,33.56165,42.620003,Validation,silt
459,48.228874,23.315798,35.772335,41.44,Validation,silt
460,57.195366,32.07354,44.634453,40.640003,Validation,silt
461,44.938652,20.537935,32.738293,36.440002,Validation,silt
462,53.268517,28.782478,41.025497,41.67,Validation,silt
463,73.96279,48.585197,61.273994,50.0,Validation,silt
464,71.400536,45.377953,58.389244,56.72,Validation,silt
465,48.55559,22.650867,35.60323,39.66,Validation,silt
466,87.255745,56.88024,72.06799,52.478,Validation,silt
467,40.1372,16.344845,28.241022,23.702995,Validation,silt
468,81.52522,53.807224,67.66622,76.72,Validation,silt
469,45.30875,21.174984,33.241867,35.680004,Validation,silt
470,64.92596,40.245476,52.585716,50.0,Validation,silt
471,56.067215,31.658056,43.862637,42.440002,Validation,silt
472,27.54026,3.906684,15.723473,34.0,Validation,silt
473,37.251923,12.879005,25.065464,9.72,Validation,silt
474,18.210443,-5.7273517,6.241546,6.0,Validation,silt
475,35.964928,11.414755,23.689842,13.380001,Validation,silt
476,57.586823,33.06965,45.328236,39.510002,Validation,silt
477,47.095047,22.960955,35.028,36.36,Validation,silt
478,78.94968,52.8829,65.91629,69.99,Validation,silt
479,71.068596,45.87021,58.469402,63.79,Validation,silt
480,60.47371,35.96833,48.22102,49.0,Validation,silt
481,98.49349,63.126945,80.81022,83.93,Validation,silt
482,61.742588,36.743435,49.24301,56.0,Validation,silt
483,25.022097,0.7157631,12.86893,16.37,Validation,silt
484,70.342545,43.863663,57.103104,60.86,Validation,silt
485,59.80055,34.079258,46.939903,40.97,Validation,silt
486,65.387634,40.31993,52.853783,48.0,Validation,silt
487,72.98419,47.13034,60.057266,69.59,Validation,silt
488,60.079456,35.312572,47.696014,47.38,Validation,silt
489,54.506866,30.311989,42.409428,51.86,Validation,silt
490,52.005676,26.910742,39.45821,31.668001,Validation,silt
491,34.02378,9.631708,21.827745,13.65,Validation,silt
492,72.35206,43.38948,57.87077,53.97,Validation,silt
493,32.995247,8.867094,20.931171,18.23,Validation,silt
494,47.897907,23.362034,35.62997,31.720001,Validation,silt
495,61.23706,36.625504,48.931282,42.800003,Validation,silt
496,50.902985,25.8535,38.378242,30.099998,Validation,silt
497,70.93657,46.02073,58.47865,60.0,Validation,silt
498,80.69951,54.342056,67.52078,70.0,Validation,silt
499,59.958588,34.433846,47.196217,40.65,Validation,silt
500,75.46551,49.65599,62.56075,65.06,Validation,silt
501,71.68529,45.537666,58.611477,51.72,Validation,silt
502,71.26843,45.732834,58.500633,66.58,Validation,silt
503,61.354996,35.19771,48.276352,59.230003,Validation,silt
504,45.671383,21.226261,33.448822,39.93,Validation,silt
505,18.256678,-7.374851,5.440913,42.11,Validation,silt
506,78.95164,51.343742,65.14769,71.44,Validation,silt
507,96.1566,65.78259,80.9696,83.3,Validation,silt
508,66.239,39.813198,53.026096,53.770004,Validation,silt
509,42.729645,18.527876,30.62876,26.16,Validation,silt
510,78.51786,52.315727,65.416794,68.79,Validation,silt
511,75.45165,48.676937,62.064297,59.72,Validation,silt
512,75.7738,49.36864,62.571224,61.690002,Validation,silt
513,72.14671,44.246376,58.196545,64.58,Validation,silt
514,57.80509,33.263412,45.534252,42.920002,Validation,silt
515,65.18457,40.40443,52.7945,59.0,Validation,silt
516,45.69893,21.405449,33.55219,28.68,Validation,silt
517,47.50509,22.779564,35.142326,38.36,Validation,silt
518,73.5278,48.07004,60.79892,61.86,Validation,silt
519,18.042334,-6.221068,5.9106326,5.0,Validation,silt
520,66.15117,40.928524,53.53985,67.42,Validation,silt
521,70.69267,44.210793,57.451733,55.79,Validation,silt
522,58.553772,32.76471,45.65924,46.980003,Validation,silt
523,73.44676,47.81889,60.632828,65.0,Validation,silt
524,82.5735,55.043655,68.80858,68.72,Validation,silt
525,71.36861,45.4628,58.415703,49.949997,Validation,silt
526,60.75693,35.362278,48.059605,48.12,Validation,silt
527,62.541344,35.501663,49.021503,45.63,Validation,silt
528,75.46744,49.5205,62.49397,65.3,Validation,silt
529,55.5488,31.341892,43.445347,47.620003,Validation,silt
530,30.235254,6.413496,18.324375,9.0,Validation,silt
531,70.532684,44.935688,57.734188,56.0,Validation,silt
532,74.032814,47.83572,60.934265,54.160004,Validation,silt
533,75.13717,49.066177,62.101673,64.0,Validation,silt
534,30.092302,5.8742275,17.983265,17.99,Validation,silt
535,62.0997,37.668625,49.884163,46.23,Validation,silt
536,84.81015,57.83012,71.32014,75.0,Validation,silt
537,62.602234,37.327072,49.964653,56.0,Validation,silt
538,61.52763,35.403027,48.46533,56.58,Validation,silt
539,18.698511,-5.2786465,6.7099323,6.6530004,Validation,silt
540,72.03859,46.292755,59.165672,61.58,Validation,silt
541,77.25997,50.76348,64.01173,64.0,Validation,silt
542,102.36304,66.95085,84.656944,86.93,Validation,silt
543,35.07475,11.077043,23.075895,10.65,Validation,silt
544,23.437016,-0.8781204,11.279448,12.719999,Validation,silt
545,64.68443,39.674088,52.17926,39.58,Validation,silt
546,63.53157,38.86756,51.199566,53.0,Validation,silt
547,57.179844,32.13071,44.655277,47.0,Validation,silt
548,72.98559,47.825214,60.4054,64.79,Validation,silt
549,73.0485,47.221146,60.134823,72.58,Validation,silt
550,56.919228,31.197723,44.058475,38.38,Validation,silt
551,49.889435,24.678131,37.283783,38.44,Validation,silt
552,52.11454,27.88507,39.999805,33.65,Validation,silt
553,45.61932,20.615688,33.117504,34.97,Validation,silt
554,72.184784,46.35715,59.270966,59.0,Validation,silt
555,52.46874,27.921032,40.194885,43.870003,Validation,silt
556,73.55741,45.342316,59.449863,62.300003,Validation,silt
557,44.321186,19.555004,31.938095,37.19,Validation,silt
558,49.27862,23.707897,36.49326,44.300003,Validation,silt
559,17.170292,-7.2555456,4.9573727,0.009999,Validation,silt
560,60.256615,35.834305,48.04546,62.02,Validation,silt
561,57.674713,33.094467,45.38459,40.920006,Validation,silt
562,62.34192,36.886528,49.614223,56.86,Validation,silt
563,43.988964,19.395031,31.691998,16.21,Validation,silt
564,62.542915,37.55744,50.05018,47.0,Validation,silt
565,53.094616,27.264568,40.179592,17.679998,Validation,silt
566,64.09864,38.434258,51.26645,58.05,Validation,silt
567,64.731766,40.07956,52.405663,45.88,Validation,silt
568,76.65882,49.888725,63.273773,65.86,Validation,silt
569,69.1982,43.887657,56.542927,52.0,Validation,silt
570,77.037926,50.75448,63.896202,59.65,Validation,silt
571,56.76096,32.404995,44.582977,53.02,Validation,silt
572,65.54827,40.25798,52.903126,53.0,Validation,silt
573,74.85833,48.57453,61.71643,64.0,Validation,silt
574,48.268833,23.532673,35.900753,43.32,Validation,silt
575,56.965622,32.95347,44.959545,53.0,Validation,silt
576,62.782475,37.902073,50.342274,29.98,Validation,silt
577,56.581642,28.057152,42.319397,28.720001,Validation,silt
578,79.666405,52.23203,65.94922,66.64,Validation,silt
579,48.592796,23.494415,36.043606,46.88,Validation,silt
580,52.268177,27.97292,40.12055,35.0,Validation,silt
581,62.17051,37.25843,49.71447,59.02,Validation,silt
582,61.60483,36.620716,49.112774,44.91,Validation,silt
583,48.04809,22.611454,35.329773,38.52,Validation,silt
584,66.62656,40.539238,53.582897,47.899998,Validation,silt
585,62.682438,37.90109,50.291763,48.79,Validation,silt
586,47.073963,22.314388,34.694176,26.93,Validation,silt
587,84.36152,56.26463,70.31307,86.86,Validation,silt
588,83.80947,56.130535,69.97,62.435,Validation,silt
589,61.16951,36.384964,48.777237,55.0,Validation,silt
590,42.81101,18.429913,30.62046,21.072998,Validation,silt
591,25.114626,0.31507874,12.714852,19.65,Validation,silt
592,61.441452,36.94709,49.19427,55.570004,Validation,silt
593,43.441887,19.428223,31.435055,33.52,Validation,silt
594,18.651167,-5.629213,6.5109773,4.58,Validation,silt
595,76.257965,50.121952,63.189957,64.0,Validation,silt
596,75.90823,49.703644,62.80594,59.300003,Validation,silt
597,70.63335,44.90994,57.77164,48.440002,Validation,silt
598,70.38879,44.641636,57.51521,56.18,Validation,silt
599,65.473724,40.725147,53.099438,7.0,Validation,silt
600,52.23616,28.039064,40.13761,47.58,Validation,silt
601,18.463863,-5.791335,6.3362637,7.101,Validation,silt
602,78.236435,49.902725,64.06958,64.02,Validation,silt
603,82.29239,52.798004,67.5452,69.53,Validation,silt
604,51.923824,27.876675,39.90025,35.77,Validation,silt
605,26.4705,2.4400778,14.455289,4.918,Validation,silt
606,75.27379,49.609818,62.441803,62.0,Validation,silt
607,69.54356,44.59649,57.070023,55.0,Validation,silt
608,42.621616,18.9095,30.765558,29.99,Validation,silt
609,19.95484,-4.5058923,7.7244735,9.51,Validation,silt
610,51.56478,26.866592,39.215687,36.37,Validation,silt
611,76.24038,48.220177,62.230278,76.95,Validation,silt
612,75.09097,48.81581,61.953392,56.0,Validation,silt
613,78.0861,51.50747,64.79678,64.51,Validation,silt
614,56.66915,32.033592,44.35137,49.81,Validation,silt
615,44.331997,19.50151,31.916754,37.86,Validation,silt
616,67.569435,42.304646,54.937042,57.0,Validation,silt
617,48.738033,23.963673,36.350853,34.79,Validation,silt
618,59.413486,34.694798,47.054142,54.019997,Validation,silt
619,69.918,44.90833,57.413162,58.74,Validation,silt
620,51.016876,26.59047,38.803673,39.02,Validation,silt
621,43.031525,19.08084,31.056181,31.1,Validation,silt
622,72.87021,47.13241,60.00131,47.539997,Validation,silt
623,44.559185,18.743519,31.651352,1.79,Validation,silt
624,48.879173,24.412016,36.645596,28.59,Validation,silt
625,59.824783,34.96376,47.39427,40.37,Validation,silt
626,61.970856,35.61435,48.792603,39.46,Validation,silt
627,49.159237,24.64455,36.901894,31.3,Validation,silt
628,80.02905,52.820053,66.42455,69.0,Validation,silt
629,77.96569,50.17515,64.07042,72.626,Validation,silt
630,50.98962,26.679508,38.834564,49.79,Validation,silt
631,63.751762,36.81923,50.285496,35.23,Validation,silt
632,80.76744,50.799557,65.7835,65.78,Validation,silt
633,58.668633,33.66131,46.16497,41.0,Validation,silt
634,61.55023,35.565754,48.55799,54.300003,Validation,silt
635,61.232567,33.819855,47.52621,49.58,Validation,silt
636,46.2374,21.92992,34.08366,32.99,Validation,silt
637,74.124245,46.31324,60.218742,62.479996,Validation,silt
638,80.17378,53.942616,67.0582,75.86,Validation,silt
639,55.64419,29.886684,42.765438,37.649998,Validation,silt
640,63.661552,38.477196,51.069374,52.65,Validation,silt
641,36.604073,12.629921,24.616997,36.86,Validation,silt
642,18.862484,-5.0783887,6.8920474,3.2499998,Validation,silt
643,48.78579,23.314133,36.04996,31.679998,Validation,silt
644,44.324028,20.424322,32.374176,25.439999,Validation,silt
645,48.238358,23.33596,35.78716,27.94,Validation,silt
646,86.27536,56.88352,71.57944,70.271,Validation,silt
647,74.12457,48.762115,61.443344,73.9926,Validation,silt
648,47.80725,22.641775,35.224514,38.120003,Validation,silt
649,55.18332,30.805298,42.99431,42.510002,Validation,silt
650,82.1506,55.282246,68.71642,74.584,Validation,silt
651,78.64318,50.959618,64.8014,67.91,Validation,silt
652,69.465935,43.971992,56.718964,47.0,Validation,silt
653,64.83677,38.942566,51.889668,58.71,Validation,silt
654,68.92431,41.858856,55.391582,45.409996,Validation,silt
655,55.07936,30.270384,42.674873,40.56,Validation,silt
656,66.43654,41.047276,53.741905,53.0,Validation,silt
657,68.25506,42.594208,55.424633,57.899994,Validation,silt
658,65.44148,40.194786,52.818134,73.62,Validation,silt
659,57.242355,31.886984,44.56467,56.260002,Validation,silt
660,88.26979,50.63568,69.452736,63.980003,Validation,silt
661,65.95402,37.9364,51.94521,60.72,Validation,silt
662,89.23033,56.66942,72.949875,68.399994,Validation,silt
663,71.04629,45.772835,58.40956,57.0,Validation,silt
664,42.685818,18.860596,30.773207,35.010002,Validation,silt
665,59.17541,33.331234,46.253323,48.620003,Validation,silt
666,70.339386,44.338703,57.339046,59.0,Validation,silt
667,62.701202,37.007477,49.85434,61.93,Validation,silt
668,47.723534,22.777594,35.250565,22.02,Validation,silt
669,73.92774,48.19592,61.061832,63.0,Validation,silt
670,74.058784,47.91938,60.989082,69.73,Validation,silt
671,67.87162,41.265762,54.56869,55.58,Validation,silt
672,60.07255,35.315853,47.694202,42.0,Validation,silt
673,47.800694,22.845028,35.32286,32.003,Validation,silt
674,54.240067,27.994446,41.117256,41.890003,Validation,silt
675,40.877235,16.295656,28.586445,29.3,Validation,silt
676,61.53622,36.899105,49.217663,42.0,Validation,silt
677,28.258034,3.5032835,15.880658,10.09,Validation,silt
678,22.253185,-1.8482475,10.202469,4.4399996,Validation,silt
679,53.073723,28.036608,40.555164,40.44,Validation,silt
680,36.52658,12.818819,24.672699,30.99,Validation,silt
681,74.67337,48.62861,61.65099,62.72,Validation,silt
682,77.14463,50.665337,63.904984,62.0,Validation,silt
683,66.7896,41.349922,54.06976,51.58,Validation,silt
684,24.972973,0.4913969,12.732184,3.1599998,Validation,silt
685,88.81039,58.13218,73.47128,79.72,Validation,silt
686,49.40256,23.767895,36.585228,43.71,Validation,silt
687,45.775566,21.475845,33.625706,25.37,Validation,silt
688,62.495716,37.207493,49.851604,48.09,Validation,silt
689,74.037895,47.94232,60.99011,61.0,Validation,silt
690,40.363525,15.639134,28.00133,45.81,Validation,silt
691,45.232864,19.649963,32.441414,36.16,Validation,silt
692,68.30411,42.938965,55.621536,57.320004,Validation,silt
693,50.862404,26.347063,38.604733,38.93,Validation,silt
694,51.190273,26.264698,38.727486,34.489998,Validation,silt
695,65.0566,40.003876,52.53024,53.0,Validation,silt
696,68.48034,43.653923,56.06713,55.0,Validation,silt
697,47.570755,22.48555,35.028152,38.0,Validation,silt
698,68.244026,42.591476,55.41775,53.0,Validation,silt
699,22.230728,-2.329032,9.950848,12.51,Validation,silt
700,28.13932,3.4762983,15.80781,23.650002,Validation,silt
701,65.92399,41.260857,53.592422,56.0,Validation,silt
702,77.82884,52.014526,64.921684,63.72,Validation,silt
703,37.555,13.353779,25.45439,18.65,Validation,silt
704,69.49646,43.465733,56.481094,55.160004,Validation,silt
705,35.65074,11.330219,23.49048,7.43,Validation,silt
706,76.617424,49.675644,63.146534,63.230003,Validation,silt
707,75.796745,47.769466,61.783104,71.37,Validation,silt
708,54.293083,30.206306,42.249695,37.0,Validation,silt
709,71.706696,45.745525,58.72611,63.180004,Validation,silt
710,64.59781,38.754944,51.676376,71.1,Validation,silt
711,71.835236,46.539146,59.18719,69.51,Validation,silt
712,51.99772,28.045326,40.021523,34.86,Validation,silt
713,23.830769,-0.20054531,11.815112,15.0,Validation,silt
714,73.259926,47.057404,60.158665,59.0,Validation,silt
715,62.683315,36.143818,49.413567,55.23,Validation,silt
716,59.62589,34.77676,47.201324,37.95,Validation,silt
717,38.574112,14.283705,26.42891,39.99,Validation,silt
718,82.85703,53.965008,68.41102,66.93,Validation,silt
719,52.498394,27.281132,39.889763,42.92,Validation,silt
720,66.94179,41.461277,54.20153,52.530003,Validation,silt
721,91.64534,62.141968,76.893654,76.44,Validation,silt
722,59.131226,33.880096,46.50566,49.194,Validation,silt
723,42.968998,18.160973,30.564985,27.939999,Validation,silt
724,87.61048,58.798912,73.2047,79.44,Validation,silt
725,61.055847,36.829178,48.942513,41.93,Validation,silt
726,77.02994,50.33965,63.684795,62.79,Validation,silt
727,26.354492,2.2738867,14.31419,0.009999,Validation,silt
728,64.45878,39.489876,51.974327,42.84,Validation,silt
729,37.181046,11.676925,24.428986,20.65,Validation,silt
730,55.993336,30.740368,43.36685,36.805,Validation,silt
731,81.39153,52.998055,67.19479,40.154,Validation,silt
732,64.667404,39.57458,52.12099,51.74,Validation,silt
733,81.79146,54.633835,68.21265,42.76,Validation,silt
734,76.75375,48.121387,62.437572,62.140003,Validation,silt
735,82.55496,54.617184,68.586075,73.39,Validation,silt
736,73.36091,44.329308,58.845108,77.79,Validation,silt
737,16.622482,-7.7613044,4.430589,0.009999,Validation,silt
738,68.05478,43.14949,55.602135,55.566,Validation,silt
739,37.844734,13.443112,25.643923,43.099003,Validation,silt
740,78.469635,51.528244,64.99894,67.828995,Validation,silt
741,76.96717,47.225143,62.096157,69.58,Validation,silt
742,57.10008,32.55398,44.82703,39.88,Validation,silt
743,31.234241,7.147171,19.190706,6.6710005,Validation,silt
744,69.28877,44.02909,56.65893,66.51,Validation,silt
745,34.86705,10.887437,22.877243,19.786003,Validation,silt
746,84.70059,55.71162,70.20611,70.136,Validation,silt
747,70.38924,43.348305,56.86877,55.88,Validation,silt
748,89.54703,59.064777,74.3059,73.79,Validation,silt
749,41.128017,15.90492,28.516468,17.72,Validation,silt
750,74.13218,48.11546,61.123817,63.0,Validation,silt
751,65.9227,40.904617,53.41366,57.277004,Validation,silt
752,31.63842,7.0001917,19.319305,12.83,Validation,silt
753,50.032295,24.953691,37.492992,32.86,Validation,silt
754,41.81137,18.243896,30.027634,29.93,Validation,silt
755,19.232735,-4.857351,7.187692,3.0,Validation,silt
756,56.084137,30.354584,43.21936,51.05,Validation,silt
757,73.70727,47.09224,60.399754,60.58,Validation,silt
758,76.04116,49.464996,62.75308,63.0,Validation,silt
759,45.994072,21.770393,33.882233,33.37,Validation,silt
760,59.914738,35.051655,47.483196,41.93,Validation,silt
761,21.25743,-2.691164,9.283133,8.309999,Validation,silt
762,50.894844,26.713858,38.80435,41.170002,Validation,silt
763,62.39989,36.768673,49.584282,54.72,Validation,silt
764,65.90425,40.45308,53.178665,42.02,Validation,silt
765,40.153156,15.068532,27.610844,24.86,Validation,silt
766,51.269646,27.15589,39.21277,41.300003,Validation,silt
767,74.45987,48.27811,61.36899,56.0,Validation,silt
768,43.937263,19.467825,31.702543,33.370003,Validation,silt
769,71.86452,45.935753,58.900135,61.72,Validation,silt
770,57.10315,32.466553,44.78485,51.719997,Validation,silt
771,63.7763,39.01828,51.39729,53.0,Validation,silt
772,77.15388,50.377136,63.765507,66.084,Validation,silt
773,59.494987,34.887962,47.191475,58.16,Validation,silt
774,78.13362,50.812443,64.47303,61.37,Validation,silt
775,75.40401,49.533707,62.468857,56.0,Validation,silt
776,71.959175,45.158154,58.558662,74.450005,Validation,silt
777,68.27495,43.249832,55.76239,56.56,Validation,silt
778,22.99058,-0.9426651,11.023957,12.68,Validation,silt
779,22.535849,-2.4706821,10.032583,5.72,Validation,silt
780,45.782265,19.68927,32.735767,27.65,Validation,silt
781,62.544624,37.23735,49.890987,48.32,Validation,silt
782,61.522373,37.267963,49.39517,43.0,Validation,silt
783,54.744396,30.679066,42.71173,47.0,Validation,silt
784,43.511963,19.545034,31.528498,27.95,Validation,silt
785,29.45819,5.4139404,17.436066,15.299999,Validation,silt
786,62.26429,37.930717,50.097504,49.0,Validation,silt
787,69.68611,43.908676,56.797394,56.65,Validation,silt
788,54.16558,28.573372,41.369476,38.639,Validation,silt
789,69.39403,43.42305,56.40854,59.65,Validation,silt
790,86.36788,58.02053,72.19421,77.227,Validation,silt
791,75.64823,49.39468,62.521454,59.0,Validation,silt
792,59.64794,34.117912,46.882927,53.830006,Validation,silt
793,58.97743,34.6169,46.797165,42.0,Validation,silt
794,65.24837,40.83851,53.043438,53.0,Validation,silt
795,50.70141,25.07017,37.885788,20.51,Validation,silt
796,91.389755,59.89972,75.64474,86.89,Validation,silt
797,57.55576,32.343243,44.9495,40.83,Validation,silt
798,76.12824,49.690857,62.90955,64.0,Validation,silt
799,65.362045,40.514957,52.9385,51.0,Validation,silt
800,75.94067,49.73626,62.838463,69.0,Validation,silt
801,71.06821,45.54242,58.305313,50.230003,Validation,silt
802,50.973866,25.99287,38.483368,41.95,Validation,silt
803,63.51207,37.938583,50.725327,32.44,Validation,silt
804,72.72307,47.102703,59.912888,62.0,Validation,silt
805,54.18682,28.202126,41.194473,15.58,Validation,silt
806,43.001198,18.719246,30.860222,30.239998,Validation,silt
807,69.23132,44.120213,56.67577,60.0,Validation,silt
808,62.495007,35.15639,48.8257,46.09,Validation,silt
809,17.559467,-6.386142,5.5866632,8.0,Validation,silt
810,18.84528,-5.075219,6.8850307,6.0,Validation,silt
811,55.725964,28.496677,42.11132,49.23,Validation,silt
812,36.212345,11.426438,23.819391,38.51,Validation,silt
813,57.716354,32.438652,45.077503,40.58,Validation,silt
814,76.30935,50.31662,63.312984,59.93,Validation,silt
815,75.85296,47.373783,61.613373,67.44,Validation,silt
816,58.62441,34.59409,46.60925,49.0,Validation,silt
817,65.716675,41.170387,53.44353,58.65,Validation,silt
818,53.68497,28.421726,41.05335,46.37,Validation,silt
819,40.839813,16.567972,28.703892,23.86,Validation,silt
820,79.598755,51.14603,65.37239,59.58,Validation,silt
821,70.05278,45.230045,57.64141,61.12,Validation,silt
822,40.66376,16.516758,28.59026,23.0,Validation,silt
823,81.18648,53.247715,67.217094,68.697,Validation,silt
824,17.958046,-5.960238,5.9989038,1.195,Validation,silt
825,85.01628,56.51088,70.76358,67.547,Validation,silt
826,60.53991,35.79724,48.168575,47.370003,Validation,silt
827,54.63101,28.123287,41.377148,41.329998,Validation,silt
828,54.084496,29.206436,41.645466,42.48,Validation,silt
829,79.08616,53.40676,66.24646,66.65,Validation,silt
830,64.30659,39.78724,52.046913,58.65,Validation,silt
831,66.34304,41.500412,53.921726,56.0,Validation,silt
832,42.00991,17.977812,29.99386,38.170002,Validation,silt
833,57.117958,32.07843,44.598194,47.02,Validation,silt
834,80.679306,52.925995,66.80265,72.58,Validation,silt
835,69.211685,44.07613,56.643906,54.65,Validation,silt
836,49.597797,24.19064,36.89422,39.457005,Validation,silt
837,52.346573,28.180878,40.263725,49.44,Validation,silt
838,70.03598,45.003254,57.51962,53.0,Validation,silt
839,60.329784,35.009228,47.669506,51.3,Validation,silt
840,77.98435,51.40635,64.69535,71.0,Validation,silt
841,49.242645,24.452438,36.84754,42.336998,Validation,silt
842,41.241432,16.503092,28.872263,17.23,Validation,silt
843,50.76241,26.284603,38.523506,43.530003,Validation,silt
844,77.44966,50.524,63.98683,50.036003,Validation,silt
845,49.63413,24.436802,37.035465,39.67,Validation,silt
846,61.122635,34.707985,47.91531,65.79,Validation,silt
847,65.39908,38.21778,51.80843,63.289997,Validation,silt
848,75.90376,50.32869,63.116226,61.51,Validation,silt
849,74.30544,48.496635,61.40104,60.300003,Validation,silt
850,54.96855,29.707079,42.337814,31.949997,Validation,silt
851,86.52637,56.189487,71.357925,74.347,Validation,silt
852,78.64835,51.342323,64.99534,58.879997,Validation,silt
853,74.37443,48.069393,61.22191,62.0,Validation,silt
854,45.639954,21.776993,33.708473,31.0,Validation,silt
855,78.570465,51.31314,64.9418,66.72,Validation,silt
856,70.78708,44.443417,57.61525,61.23,Validation,silt
857,74.892235,48.702904,61.79757,61.0,Validation,silt
858,41.940895,16.970928,29.455912,38.56,Validation,silt
859,70.91599,45.541943,58.22897,55.0,Validation,silt
860,67.00803,41.428223,54.21813,47.93,Validation,silt
861,54.580856,30.174698,42.377777,37.846,Validation,silt
862,56.909447,31.937971,44.42371,40.44,Validation,silt
863,80.99987,54.29557,67.64772,59.440002,Validation,silt
864,73.76573,46.743126,60.25443,53.0,Validation,silt
865,67.42676,42.490532,54.958645,53.0,Validation,silt
866,84.924675,57.47883,71.20175,76.42,Validation,silt
867,68.37793,42.56589,55.471912,65.39,Validation,silt
868,21.907038,-2.0935707,9.9067335,6.0,Validation,silt
869,64.48372,39.728443,52.10608,45.0,Validation,silt
870,69.37542,43.26277,56.319096,65.72,Validation,silt
871,27.811745,3.3841858,15.597965,16.93,Validation,silt
872,46.952526,22.23756,34.595043,43.95,Validation,silt
873,17.395227,-6.684088,5.3555694,4.3,Validation,silt
874,62.119205,34.918232,48.51872,44.48,Validation,silt
875,22.095398,-1.8761377,10.109631,9.72,Validation,silt
876,60.238697,34.35526,47.296978,34.309998,Validation,silt
877,83.96757,55.843803,69.905685,69.0,Validation,silt
878,32.020973,7.806011,19.913492,17.93,Validation,silt
879,75.59347,49.355537,62.474503,68.58,Validation,silt
880,52.47332,27.80456,40.13894,53.93,Validation,silt
881,46.82412,22.994028,34.909073,38.72,Validation,silt
882,73.50734,47.82141,60.664375,56.0,Validation,silt
883,40.58139,15.836429,28.20891,31.430002,Validation,silt
884,54.471317,29.284916,41.878117,46.900005,Validation,silt
885,84.04004,54.70848,69.37426,68.3,Validation,silt
886,71.86465,43.755493,57.81007,65.99,Validation,silt
887,73.63132,48.068554,60.849934,64.51,Validation,silt
888,59.14652,34.87759,47.012054,46.44,Validation,silt
889,86.10692,54.797546,70.45223,74.86,Validation,silt
890,48.475594,24.235512,36.355553,25.0,Validation,silt
891,65.65515,40.592262,53.123707,54.0,Validation,silt
892,78.77742,51.45103,65.11423,53.09,Validation,silt
893,68.8712,44.079086,56.475143,50.239998,Validation,silt
894,82.09011,55.053978,68.572044,74.04,Validation,silt
895,45.904892,21.66794,33.786415,34.0,Validation,silt
896,27.165466,3.0894632,15.127465,16.37,Validation,silt
897,80.98324,53.724083,67.35366,63.125004,Validation,silt
898,22.324032,-1.8065577,10.258737,4.24,Validation,silt
899,61.15298,35.015347,48.084164,45.3,Validation,silt
900,36.7026,12.909898,24.806248,30.93,Validation,silt
901,56.464836,31.357885,43.91136,51.98,Validation,silt
902,64.64819,39.368217,52.008205,53.0,Validation,silt
903,69.17262,43.176926,56.174774,55.58,Validation,silt
904,70.925095,46.213024,58.56906,55.79,Validation,silt
905,79.751434,52.981144,66.36629,65.72,Validation,silt
906,49.07705,23.873938,36.475494,38.04,Validation,silt
907,66.70242,41.007805,53.855114,65.16,Validation,silt
908,48.313583,23.613846,35.963715,39.63,Validation,silt
909,37.055576,12.579219,24.817398,27.720001,Validation,silt
910,59.128586,33.92781,46.5282,59.370003,Validation,silt
911,51.70898,26.162098,38.93554,40.890003,Validation,silt
912,67.77349,42.18153,54.97751,62.45,Validation,silt
913,67.45682,42.85759,55.157204,50.0,Validation,silt
914,50.295433,25.497444,37.89644,37.07,Validation,silt
915,61.570198,37.0851,49.32765,48.0,Validation,silt
916,77.96529,51.889812,64.92755,65.99,Validation,silt
917,89.03418,57.830227,73.432205,77.86,Validation,silt
918,60.390465,35.328537,47.8595,37.58,Validation,silt
919,52.683735,27.882458,40.283096,45.510002,Validation,silt
920,72.58615,46.818836,59.702496,60.0,Validation,silt
921,76.71088,50.957516,63.834194,57.510002,Validation,silt
922,60.90167,36.0675,48.484585,52.690002,Validation,silt
923,71.09481,45.58651,58.34066,57.0,Validation,silt
924,83.740585,56.67499,70.20779,68.86,Validation,silt
925,87.754425,58.963623,73.359024,70.51,Validation,silt
926,62.407616,37.32621,49.866913,46.540005,Validation,silt
927,44.353252,19.615002,31.984127,24.849998,Validation,silt
928,34.50593,10.215103,22.360518,11.69,Validation,silt
929,21.09801,-3.0972385,9.000385,34.48,Validation,silt
930,58.59498,33.57086,46.08292,52.88,Validation,silt
931,71.42513,42.87429,57.14971,67.86,Validation,silt
932,65.081,39.951202,52.5161,52.65,Validation,silt
933,69.514786,43.36167,56.43823,54.93,Validation,silt
934,65.63547,39.537262,52.586365,54.65,Validation,silt
935,63.3668,37.874565,50.62068,60.949997,Validation,silt
936,82.65688,54.380028,68.518456,68.0,Validation,silt
937,77.77353,51.757664,64.765594,60.440002,Validation,silt
938,70.96529,44.65289,57.809086,66.65,Validation,silt
939,69.53454,44.396164,56.96535,58.0,Validation,silt
940,39.0954,14.941888,27.018644,27.39,Validation,silt
941,75.94352,49.82721,62.885365,64.0,Validation,silt
942,82.292244,55.751423,69.021835,61.53,Validation,silt
943,80.17509,54.287254,67.23117,68.0,Validation,silt
944,68.89791,42.848915,55.873413,52.0,Validation,silt
945,60.148125,35.280685,47.714405,36.185,Validation,silt
946,65.45238,40.863358,53.157867,57.460003,Validation,silt
947,70.86485,42.103268,56.484062,50.55,Validation,silt
948,59.818237,35.363464,47.59085,48.440002,Validation,silt
949,72.48487,44.122,58.303436,60.370003,Validation,silt
950,20.305561,-4.1146965,8.095432,5.79,Validation,silt
951,45.991997,21.42273,33.707363,27.182,Validation,silt
952,82.92545,55.554783,69.24012,68.0,Validation,silt
953,66.872986,41.167706,54.020344,65.02,Validation,silt
954,72.14589,45.73404,58.939964,60.65,Validation,silt
955,53.15413,28.54943,40.85178,45.63,Validation,silt
956,64.126625,36.943817,50.53522,44.58,Validation,silt
957,69.294136,42.51233,55.903233,19.51,Validation,silt
958,28.141903,3.884368,16.013136,26.79,Validation,silt
959,76.08054,49.80962,62.945084,60.470005,Validation,silt
960,90.337105,60.703438,75.52027,79.37,Validation,silt
961,57.859287,33.62984,45.744564,32.0,Validation,silt
962,69.09552,43.78917,56.442345,54.0,Validation,silt
963,85.86182,56.149456,71.00564,77.65,Validation,silt
964,67.66327,40.353054,54.008163,55.300003,Validation,silt
965,40.86435,16.55706,28.710705,23.650002,Validation,silt
966,47.780968,23.56662,35.673794,34.0,Validation,silt
967,67.46419,42.881664,55.172924,51.0,Validation,silt
968,49.148663,24.592602,36.870632,37.64,Validation,silt
969,46.870186,22.018602,34.444393,45.440002,Validation,silt
970,49.270092,25.073376,37.171734,26.150002,Validation,silt
971,70.495636,42.888092,56.691864,41.78,Validation,silt
972,45.774624,21.180897,33.47776,38.16,Validation,silt
973,69.05968,44.15865,56.609165,59.0,Validation,silt
974,74.84947,49.036713,61.943092,90.79,Validation,silt
975,77.37697,51.018433,64.1977,65.0,Validation,silt
976,72.55126,46.601444,59.576355,59.820004,Validation,silt
977,90.15187,59.95917,75.05552,72.3,Validation,silt
978,23.192322,-0.9851608,11.10358,8.4279995,Validation,silt
979,79.161736,52.9566,66.059166,69.0,Validation,silt
980,63.388466,38.82923,51.10885,52.11,Validation,silt
981,64.148056,36.33668,50.242367,8.909999,Validation,silt
982,79.10207,52.829647,65.96586,65.0,Validation,silt
983,58.794003,31.85397,45.323986,35.69,Validation,silt
984,48.392548,23.842485,36.117516,45.86,Validation,silt
985,74.90622,49.618168,62.26219,68.0,Validation,silt
986,62.99622,38.34022,50.66822,51.820004,Validation,silt
987,23.079239,-1.411931,10.833654,11.37,Validation,silt
988,72.03453,46.311127,59.17283,62.7,Validation,silt
989,33.65726,9.647422,21.652342,16.93,Validation,silt
990,78.20215,51.301178,64.75166,57.300003,Validation,silt
991,46.139313,22.514296,34.326805,33.93,Validation,silt
992,51.50119,26.345583,38.923386,25.722002,Validation,silt
993,56.58098,32.234245,44.40761,37.09,Validation,silt
994,59.737747,34.884506,47.311127,48.0,Validation,silt
995,38.464436,14.49163,26.478033,30.0,Validation,silt
996,56.05403,32.130424,44.092228,48.0,Validation,silt
997,74.949104,48.96347,61.956287,60.0,Validation,silt
998,49.66871,24.091423,36.880066,24.64,Validation,silt
999,49.184406,23.830135,36.50727,43.02,Validation,silt
1000,40.31494,16.415596,28.365269,20.0,Validation,silt
1001,58.163143,32.57282,45.36798,47.09,Validation,silt
1002,80.79593,50.142197,65.46906,58.13,Validation,silt
1003,54.102913,27.874678,40.988796,47.04,Validation,silt
1004,66.982994,42.285988,54.63449,54.0,Validation,silt
0,31.981266,7.962345,19.971806,15.559998,Validation,sand
1,59.146385,35.662422,47.404404,45.61,Validation,sand
2,55.357513,32.236862,43.797188,53.827,Validation,sand
3,18.36643,-6.8643136,5.751058,1.0699997,Validation,sand
4,23.012691,-2.3732386,10.319727,4.279999,Validation,sand
5,23.957058,-2.9526548,10.502201,19.910004,Validation,sand
6,55.28463,31.681664,43.483147,57.61,Validation,sand
7,63.94734,39.80602,51.87668,42.738,Validation,sand
8,38.753693,14.9904785,26.872086,18.0,Validation,sand
9,24.632523,-1.0590076,11.786757,5.279999,Validation,sand
10,45.506645,20.838821,33.172733,36.05,Validation,sand
11,23.85559,-3.9714746,9.942058,11.559998,Validation,sand
12,27.846388,2.8422642,15.344326,21.489998,Validation,sand
13,24.558758,-2.2900724,11.134343,12.0,Validation,sand
14,102.747925,79.803055,91.27549,98.35,Validation,sand
15,38.410137,14.409316,26.409727,23.63,Validation,sand
16,47.682713,23.091068,35.38689,51.35,Validation,sand
17,22.967503,-0.93721294,11.015144,1.0,Validation,sand
18,75.49423,52.71216,64.103195,28.489998,Validation,sand
19,20.871634,-6.2913895,7.290122,7.0699997,Validation,sand
20,99.705696,77.14918,88.42744,93.42,Validation,sand
21,22.752556,-0.8558626,10.948347,17.202003,Validation,sand
22,17.133041,-6.5301194,5.3014607,1.0699997,Validation,sand
23,24.323072,0.7651043,12.544088,9.35,Validation,sand
24,50.59233,26.91648,38.754406,41.0,Validation,sand
25,32.73569,7.1342783,19.934984,32.47,Validation,sand
26,55.78584,31.593487,43.689663,43.05,Validation,sand
27,71.38549,48.23352,59.809505,61.61,Validation,sand
28,24.563948,-3.1992683,10.68234,10.419998,Validation,sand
29,28.113712,2.8108969,15.462305,19.0,Validation,sand
30,20.29699,-5.1377134,7.5796375,8.279999,Validation,sand
31,30.026894,5.3223753,17.674635,20.0,Validation,sand
32,81.19018,58.0694,69.62979,49.42,Validation,sand
33,37.148884,13.832232,25.490559,25.629997,Validation,sand
34,32.477604,7.823349,20.150476,17.419998,Validation,sand
35,36.07296,11.730842,23.901901,27.980003,Validation,sand
36,34.020386,8.527585,21.273985,15.346001,Validation,sand
37,98.8752,76.312744,87.59397,95.724,Validation,sand
38,23.347902,-4.0162277,9.665837,9.003998,Validation,sand
39,102.40116,79.03806,90.71961,93.0,Validation,sand
40,35.964657,12.208663,24.08666,18.21,Validation,sand
41,31.541794,5.636178,18.588985,20.629997,Validation,sand
42,25.750343,1.0456495,13.397996,17.489998,Validation,sand
43,18.88387,-3.7962856,7.543792,3.0699997,Validation,sand
44,24.476469,-1.9205112,11.277979,15.419998,Validation,sand
45,50.803658,27.139452,38.971554,43.0,Validation,sand
46,16.711664,-6.8555436,4.92806,1.2559967,Validation,sand
47,21.664688,-4.4651537,8.599768,13.419998,Validation,sand
48,23.845917,-2.781211,10.532353,11.822998,Validation,sand
49,82.07061,59.49398,70.782295,80.49,Validation,sand
50,30.115993,7.3142977,18.715145,23.699997,Validation,sand
51,56.876423,32.32755,44.601986,49.77,Validation,sand
52,25.196358,1.8430862,13.519722,10.209999,Validation,sand
53,19.387321,-5.9890623,6.69913,7.42,Validation,sand
54,28.322746,0.5730028,14.447874,31.910004,Validation,sand
55,32.576427,8.96605,20.771238,14.419998,Validation,sand
56,67.0627,43.857346,55.460022,61.56,Validation,sand
57,35.88857,11.561755,23.725163,18.629997,Validation,sand
58,22.55768,-3.69516,9.43126,5.21,Validation,sand
59,18.21175,-6.138732,6.0365086,1.0699997,Validation,sand
60,51.553883,27.69408,39.62398,47.89,Validation,sand
61,32.882828,8.465178,20.674002,27.349998,Validation,sand
62,32.759155,8.83529,20.797222,22.489998,Validation,sand
63,78.27592,55.740395,67.008156,64.0,Validation,sand
64,28.456459,3.466774,15.9616165,24.0,Validation,sand
65,23.875963,-1.7268162,11.0745735,9.489998,Validation,sand
66,80.37075,58.07328,69.222015,74.0,Validation,sand
67,23.911217,-3.147067,10.382074,8.945999,Validation,sand
68,62.1566,38.121033,50.138817,46.84,Validation,sand
69,60.781174,31.933403,46.35729,61.54,Validation,sand
70,26.652449,2.2351017,14.443775,18.0,Validation,sand
71,82.03711,56.94661,69.49186,57.54,Validation,sand
72,24.031017,0.63286877,12.3319435,21.559998,Validation,sand
73,41.366005,17.50629,29.436148,22.0,Validation,sand
74,57.884155,34.100563,45.99236,43.7,Validation,sand
75,67.30071,44.039818,55.670265,55.0,Validation,sand
76,68.01352,44.899227,56.456375,56.56,Validation,sand
77,34.40268,8.125254,21.263968,21.462997,Validation,sand
78,19.566442,-3.432434,8.067004,9.349998,Validation,sand
79,55.90286,31.451763,43.67731,19.980003,Validation,sand
80,32.371613,7.543051,19.95733,24.769997,Validation,sand
81,22.480461,-3.8882408,9.29611,5.28,Validation,sand
82,65.229744,42.25453,53.742138,50.42,Validation,sand
83,89.52186,65.97202,77.74694,89.14,Validation,sand
84,35.777775,9.954273,22.866024,8.139999,Validation,sand
85,51.828377,29.051306,40.439842,48.0,Validation,sand
86,23.443691,-0.26081085,11.59144,1.0699997,Validation,sand
87,54.358578,30.12672,42.24265,47.49,Validation,sand
88,50.01913,26.023182,38.021156,49.77,Validation,sand
89,54.528076,30.775887,42.65198,36.03,Validation,sand
90,29.66111,5.7020836,17.681597,11.63,Validation,sand
91,24.533432,-1.7329092,11.400261,6.279999,Validation,sand
92,67.895615,44.62881,56.26221,62.12,Validation,sand
93,70.68983,47.980717,59.335274,62.56,Validation,sand
94,33.587128,8.441498,21.014313,31.84,Validation,sand
95,22.1642,-2.808032,9.678084,6.3499985,Validation,sand
96,44.8172,21.127813,32.972507,42.19,Validation,sand
97,91.93139,69.56725,80.74932,85.0,Validation,sand
98,70.35985,46.316334,58.338093,86.49,Validation,sand
99,29.77653,4.8994236,17.337976,20.0,Validation,sand
100,60.745686,37.36739,49.056538,52.84,Validation,sand
101,62.800972,39.284706,51.04284,60.56,Validation,sand
102,22.565279,-9.923082,6.321098,2.0699997,Validation,sand
103,22.969753,-3.479659,9.745048,7.911003,Validation,sand
104,98.04677,75.90355,86.97516,88.0,Validation,sand
105,22.026134,-6.88921,7.568462,7.209999,Validation,sand
106,53.784588,30.477413,42.131,37.63,Validation,sand
107,53.312523,28.945557,41.12904,49.98,Validation,sand
108,18.077652,-7.6364164,5.2206173,2.0699997,Validation,sand
109,34.74981,9.8025,22.276155,31.0,Validation,sand
110,47.776443,23.284472,35.530457,33.120003,Validation,sand
111,38.072334,14.780931,26.426632,14.349998,Validation,sand
112,20.737253,-4.3374767,8.199888,3.209999,Validation,sand
113,22.8132,-3.4798737,9.666663,3.0,Validation,sand
114,19.204721,-4.023119,7.5908012,6.209999,Validation,sand
115,27.086971,-0.878953,13.10401,30.452003,Validation,sand
116,18.929577,-5.43304,6.7482686,15.209999,Validation,sand
117,103.0604,79.20588,91.13314,96.14,Validation,sand
118,54.6809,30.305727,42.493313,46.05,Validation,sand
119,48.114914,24.100204,36.10756,30.120003,Validation,sand
120,94.5418,72.157005,83.3494,79.49,Validation,sand
121,20.199146,-5.9864287,7.106359,2.0,Validation,sand
122,36.19403,9.900412,23.04722,28.559998,Validation,sand
123,51.771477,27.837692,39.804585,31.470001,Validation,sand
124,17.44318,-6.8563933,5.2933936,6.237999,Validation,sand
125,76.301704,53.47468,64.88819,75.12,Validation,sand
126,32.587738,7.6831684,20.135454,30.0,Validation,sand
127,43.051132,18.275225,30.66318,40.7,Validation,sand
128,34.20981,10.444176,22.326992,23.769997,Validation,sand
129,34.87124,9.5590725,22.215157,16.349998,Validation,sand
130,57.370647,34.1311,45.750874,51.56,Validation,sand
131,47.883595,24.084934,35.984264,39.91,Validation,sand
132,29.90556,5.937091,17.921326,22.19,Validation,sand
133,24.38388,0.6531458,12.518513,9.279999,Validation,sand
134,24.043663,-4.5548763,9.744393,10.349998,Validation,sand
135,26.711563,1.1733484,13.942455,14.0,Validation,sand
136,30.674887,6.224268,18.449577,10.349998,Validation,sand
137,56.00042,32.542786,44.271603,28.699997,Validation,sand
138,23.275906,-3.6770258,9.79944,2.1399994,Validation,sand
139,16.524584,-6.4003673,5.0621085,1.0,Validation,sand
140,74.51958,51.76569,63.14263,68.979996,Validation,sand
141,37.5539,13.519806,25.536854,15.489998,Validation,sand
142,33.746597,8.720722,21.23366,26.0,Validation,sand
143,45.79532,22.368109,34.081715,34.0,Validation,sand
144,19.181915,-8.241917,5.47,6.209999,Validation,sand
145,33.062305,7.448596,20.255451,27.400002,Validation,sand
146,68.16463,45.141205,56.652916,30.0,Validation,sand
147,44.57605,20.428635,32.502342,45.56,Validation,sand
148,48.916626,25.35833,37.137478,33.28,Validation,sand
149,27.402925,1.7906666,14.596796,20.559998,Validation,sand
150,27.478252,2.3465471,14.9124,22.489998,Validation,sand
151,29.030472,2.823165,15.926818,15.553001,Validation,sand
152,42.821568,18.844975,30.833271,31.05,Validation,sand
153,31.588297,6.8076725,19.197985,17.0,Validation,sand
154,78.04975,55.361626,66.70569,66.38,Validation,sand
155,85.3649,62.38327,73.874084,67.049995,Validation,sand
156,27.950665,2.0975113,15.024088,17.0,Validation,sand
157,22.277718,-4.8797693,8.698975,10.143997,Validation,sand
158,21.530506,-2.2549734,9.637766,12.489998,Validation,sand
159,39.332073,15.931343,27.631708,27.279999,Validation,sand
160,37.438354,11.861311,24.649832,19.699997,Validation,sand
161,20.172256,-6.3371162,6.91757,3.1399994,Validation,sand
162,27.899254,0.4396677,14.16946,12.629997,Validation,sand
163,39.003845,16.0555,27.529673,29.629997,Validation,sand
164,24.5892,1.4017162,12.995458,5.0699997,Validation,sand
165,32.142075,8.1827545,20.162415,23.42,Validation,sand
166,33.567,9.502668,21.534836,25.0,Validation,sand
167,30.714268,6.633294,18.67378,15.559998,Validation,sand
168,66.60378,43.168503,54.886143,65.909996,Validation,sand
169,69.58684,46.68771,58.13727,52.77,Validation,sand
170,90.527626,67.77244,79.15003,84.770004,Validation,sand
171,28.54674,2.5557384,15.551239,16.073997,Validation,sand
172,40.538383,16.157751,28.348066,21.0,Validation,sand
173,33.482586,8.415685,20.949135,22.0,Validation,sand
174,31.309666,7.2080507,19.258858,17.419998,Validation,sand
175,39.841904,15.500707,27.671305,25.489998,Validation,sand
176,79.5234,57.094357,68.308876,73.56,Validation,sand
177,38.821434,13.2101755,26.015804,36.03,Validation,sand
178,20.694664,-5.8549147,7.419874,6.0,Validation,sand
179,24.461267,1.1291847,12.795226,16.419998,Validation,sand
180,33.05504,8.25204,20.65354,26.0,Validation,sand
181,21.178644,-8.689337,6.244654,6.544998,Validation,sand
182,62.50761,37.662594,50.085102,52.47,Validation,sand
183,16.274973,-6.826498,4.7242374,2.0279999,Validation,sand
184,22.569794,-3.6207933,9.474501,9.279999,Validation,sand
185,33.545074,9.660588,21.60283,25.0,Validation,sand
186,27.886559,1.6943731,14.790465,13.0,Validation,sand
187,31.65944,7.558833,19.609137,15.419998,Validation,sand
188,48.305084,24.359098,36.332092,21.33,Validation,sand
189,44.489487,20.540314,32.5149,29.699997,Validation,sand
190,19.454464,-7.84159,5.8064365,0.009999,Validation,sand
191,89.83902,67.003174,78.4211,84.770004,Validation,sand
192,70.60605,46.432735,58.51939,56.26,Validation,sand
193,23.702637,-0.6835623,11.509538,14.419998,Validation,sand
194,25.967392,0.17777729,13.072584,13.559998,Validation,sand
195,30.821419,6.471511,18.646465,19.864998,Validation,sand
196,42.573597,17.838348,30.205973,40.181,Validation,sand
197,36.34715,9.754069,23.05061,24.400002,Validation,sand
198,26.97817,3.4880219,15.233096,7.0699997,Validation,sand
199,49.958397,25.483833,37.721115,35.769997,Validation,sand
200,26.647915,2.0831747,14.365545,15.0,Validation,sand
201,84.35414,61.69586,73.025,80.907,Validation,sand
202,27.360157,1.9710712,14.665614,15.0,Validation,sand
203,25.954079,0.61853313,13.286305,9.209999,Validation,sand
204,28.498539,2.6185522,15.558546,17.0,Validation,sand
205,61.64541,37.998917,49.822163,31.629997,Validation,sand
206,19.81269,-3.8328476,7.9899216,4.0699997,Validation,sand
207,45.478977,20.437923,32.95845,36.26,Validation,sand
208,30.24358,4.68089,17.462234,21.0,Validation,sand
209,43.7247,19.804197,31.76445,30.400002,Validation,sand
210,21.031958,-7.429313,6.8013225,2.07,Validation,sand
211,57.83819,34.684555,46.26137,47.61,Validation,sand
212,72.61386,49.97852,61.296192,55.05,Validation,sand
213,39.854755,15.878758,27.866756,38.0,Validation,sand
214,75.56253,53.26886,64.415695,56.05,Validation,sand
215,30.799381,5.879917,18.33965,19.386002,Validation,sand
216,20.212246,-6.317959,6.9471436,5.209999,Validation,sand
217,55.9391,31.819958,43.879528,46.1,Validation,sand
218,78.90413,56.45937,67.68175,76.35,Validation,sand
219,37.80879,13.055289,25.43204,20.769997,Validation,sand
220,43.112083,19.549236,31.33066,27.0,Validation,sand
221,85.90086,63.181976,74.54142,78.21,Validation,sand
222,94.4798,71.485,82.9824,93.929,Validation,sand
223,96.91982,73.96052,85.44017,80.42,Validation,sand
224,62.61798,38.813194,50.715588,59.63,Validation,sand
225,27.6176,1.0330601,14.32533,22.489998,Validation,sand
226,25.515694,-0.46080112,12.527447,8.106003,Validation,sand
227,17.782343,-7.1922975,5.2950225,7.209999,Validation,sand
228,74.19253,50.087006,62.139767,67.259995,Validation,sand
229,61.16506,37.923344,49.5442,57.0,Validation,sand
230,31.17131,4.341014,17.756163,25.396004,Validation,sand
231,21.185665,-4.523204,8.331231,10.49,Validation,sand
232,55.91578,32.405495,44.160637,43.0,Validation,sand
233,20.098732,-3.9350605,8.081836,1.9980011,Validation,sand
234,44.472504,20.189592,32.331047,30.699997,Validation,sand
235,63.98235,40.732037,52.357193,61.7,Validation,sand
236,36.705753,12.337283,24.521519,21.419998,Validation,sand
237,16.315174,-6.418795,4.9481893,5.1399994,Validation,sand
238,16.69812,-7.004185,4.846967,0.01,Validation,sand
239,59.30087,34.991505,47.146187,56.05,Validation,sand
240,44.18377,19.586811,31.88529,45.0,Validation,sand
241,23.35325,-3.2164726,10.068389,9.431999,Validation,sand
242,34.846893,10.389171,22.618032,18.77,Validation,sand
243,38.44283,14.196197,26.319513,30.980003,Validation,sand
244,100.49266,77.908585,89.20062,89.28,Validation,sand
245,45.115715,21.703926,33.40982,29.91,Validation,sand
246,44.27301,20.525795,32.399403,29.839996,Validation,sand
247,41.75539,16.594387,29.174889,19.489998,Validation,sand
248,31.934166,5.7150354,18.8246,29.75,Validation,sand
249,35.5864,8.936975,22.261686,30.986,Validation,sand
250,66.01543,42.677486,54.346455,47.42,Validation,sand
251,25.836792,1.7331715,13.784982,26.419998,Validation,sand
252,62.029022,37.833244,49.931133,45.77,Validation,sand
253,100.19056,77.71548,88.95302,96.67,Validation,sand
254,27.575869,2.308443,14.942156,13.0,Validation,sand
255,26.604168,1.2337828,13.918976,8.42,Validation,sand
256,33.882027,10.062131,21.972078,14.629997,Validation,sand
257,20.192183,-6.700621,6.7457805,13.699997,Validation,sand
258,28.288885,2.5124626,15.400674,15.84,Validation,sand
259,28.472057,2.549924,15.51099,14.0,Validation,sand
260,31.88554,8.036702,19.96112,20.629997,Validation,sand
261,30.822361,6.2485123,18.535437,9.419998,Validation,sand
262,32.24195,8.106253,20.174103,17.0,Validation,sand
263,29.470718,5.5168467,17.493782,7.3050003,Validation,sand
264,30.666494,7.529684,19.09809,19.489998,Validation,sand
265,22.638268,-3.5279703,9.555149,12.419998,Validation,sand
266,70.29311,47.42495,58.85903,49.91,Validation,sand
267,70.2681,46.450146,58.359123,62.35,Validation,sand
268,53.872585,30.821835,42.34721,34.0,Validation,sand
269,43.611572,19.068193,31.339882,39.96,Validation,sand
270,23.735613,0.8659744,12.300794,11.139999,Validation,sand
271,60.942924,37.7062,49.324562,31.769997,Validation,sand
272,22.00227,-5.6599283,8.17117,10.559998,Validation,sand
273,22.645182,-4.90839,8.868396,15.629997,Validation,sand
274,82.811424,60.21536,71.51339,66.0,Validation,sand
275,24.61891,0.18289566,12.400903,13.629997,Validation,sand
276,59.019035,35.84442,47.43173,38.47,Validation,sand
277,23.525852,-3.3498983,10.087977,10.559998,Validation,sand
278,23.853653,-0.015320778,11.919166,6.1399994,Validation,sand
279,66.129135,42.795723,54.46243,74.35,Validation,sand
280,41.841255,18.393707,30.117481,29.419998,Validation,sand
281,23.723488,-0.5566454,11.583422,13.559998,Validation,sand
282,27.649464,2.5054636,15.077463,16.0,Validation,sand
283,20.069712,-7.378117,6.345797,4.209999,Validation,sand
284,71.8183,47.912914,59.86561,76.56,Validation,sand
285,21.175049,-6.1739626,7.5005436,6.209999,Validation,sand
286,48.165947,24.152414,36.15918,45.0,Validation,sand
287,80.26595,57.372456,68.81921,74.770004,Validation,sand
288,68.33944,43.32129,55.830364,67.189995,Validation,sand
289,39.341873,13.652792,26.497332,32.559998,Validation,sand
290,27.130821,1.1289816,14.129901,17.0,Validation,sand
291,58.92244,35.548897,47.23567,49.47,Validation,sand
292,56.868176,34.205692,45.536934,41.77,Validation,sand
293,28.932419,3.8170462,16.374733,21.0,Validation,sand
294,26.164211,1.8492479,14.006729,0.8209991,Validation,sand
295,21.326086,-6.003034,7.661526,3.0,Validation,sand
296,25.577602,2.3750181,13.976311,14.07,Validation,sand
297,35.095577,12.005142,23.55036,19.77,Validation,sand
298,64.94851,40.306473,52.62749,59.61,Validation,sand
299,65.95437,42.439194,54.19678,57.91,Validation,sand
300,75.1892,52.31916,63.75418,71.24,Validation,sand
301,67.193474,43.567444,55.38046,48.35,Validation,sand
302,24.984673,-1.1963482,11.894162,16.0,Validation,sand
303,24.927223,0.41072273,12.668973,11.0,Validation,sand
304,52.751755,27.675074,40.213413,36.19,Validation,sand
305,20.159887,-5.3311768,7.4143553,5.757004,Validation,sand
306,26.22831,2.6227064,14.4255085,17.349998,Validation,sand
307,24.153973,-3.9353437,10.109315,30.279999,Validation,sand
308,21.946243,-5.0624886,8.441877,15.0,Validation,sand
309,57.038616,32.854862,44.94674,47.558,Validation,sand
310,86.34517,63.671005,75.00809,69.0,Validation,sand
311,46.671234,20.812746,33.74199,27.400002,Validation,sand
312,17.288284,-6.8659334,5.211175,3.1399994,Validation,sand
313,48.532627,24.952778,36.742702,31.0,Validation,sand
314,24.306084,-3.1522322,10.576926,2.1399994,Validation,sand
315,22.40721,-2.9307137,9.738248,25.349998,Validation,sand
316,81.37343,58.617496,69.99546,57.63,Validation,sand
317,46.968376,23.108315,35.038345,36.0,Validation,sand
318,30.553799,4.331856,17.442827,11.0,Validation,sand
319,98.89892,76.68055,87.789734,89.0,Validation,sand
320,75.90393,52.572704,64.23832,58.19,Validation,sand
321,70.452644,47.306076,58.87936,68.465996,Validation,sand
322,16.465773,-6.526724,4.9695244,0.01,Validation,sand
323,17.130196,-6.842384,5.143906,4.209999,Validation,sand
324,31.959303,7.0218906,19.490597,22.0,Validation,sand
325,64.923904,41.329395,53.12665,41.98,Validation,sand
326,42.98797,18.67222,30.830093,30.400002,Validation,sand
327,28.618351,4.782281,16.700315,22.898003,Validation,sand
328,90.91104,68.375,79.64302,84.0,Validation,sand
329,29.650562,2.828042,16.239302,26.769997,Validation,sand
330,19.464773,-6.3795075,6.5426326,2.1399994,Validation,sand
331,24.484161,0.93337154,12.708766,12.349998,Validation,sand
332,20.490807,-6.46108,7.0148635,3.1399994,Validation,sand
333,54.239174,31.344389,42.791782,33.98,Validation,sand
334,38.875164,12.167797,25.52148,24.470001,Validation,sand
335,39.044533,14.27505,26.659792,29.839996,Validation,sand
336,21.608307,-6.5409136,7.533696,4.0,Validation,sand
337,36.755234,10.348566,23.551899,21.330002,Validation,sand
338,34.0052,10.581674,22.293436,17.56,Validation,sand
339,37.88811,14.653432,26.270771,23.0,Validation,sand
340,79.453926,56.67495,68.06444,69.63,Validation,sand
341,21.092447,-7.3003154,6.896066,3.0,Validation,sand
342,72.03386,48.701065,60.367462,66.909996,Validation,sand
343,58.040195,33.941685,45.99094,39.49,Validation,sand
344,32.048737,9.0764065,20.56257,18.489998,Validation,sand
345,42.929375,18.810913,30.870144,38.12,Validation,sand
346,19.552517,-3.061407,8.245555,7.4489975,Validation,sand
347,27.025715,3.0527468,15.039231,34.559998,Validation,sand
348,16.831087,-6.771176,5.0299554,3.0699997,Validation,sand
349,21.134998,-3.001565,9.066716,7.0,Validation,sand
350,77.454704,54.709084,66.081894,74.28,Validation,sand
351,20.257486,-8.04352,6.1069837,5.1399994,Validation,sand
352,27.33094,3.1489859,15.239963,18.0,Validation,sand
353,26.411514,-3.6835756,11.363969,8.419998,Validation,sand
354,35.740788,10.6831665,23.211977,32.769997,Validation,sand
355,60.014015,36.144463,48.07924,50.19,Validation,sand
356,55.214462,31.634102,43.424282,49.03,Validation,sand
357,78.74509,55.60404,67.17456,88.14,Validation,sand
358,55.996788,32.44712,44.221954,50.75,Validation,sand
359,44.436527,19.627201,32.031864,24.61,Validation,sand
360,18.722242,-6.669476,6.026383,4.0699997,Validation,sand
361,23.353405,-2.1227093,10.615348,5.28,Validation,sand
362,48.20466,24.33613,36.270393,30.54,Validation,sand
363,22.140226,-5.0928555,8.523685,8.349998,Validation,sand
364,93.94292,71.75722,82.85007,77.0,Validation,sand
365,37.769756,13.48298,25.626368,16.629997,Validation,sand
366,70.93251,47.417725,59.175117,68.49,Validation,sand
367,51.311935,26.901642,39.10679,40.05,Validation,sand
368,64.784996,41.473976,53.129486,51.05,Validation,sand
369,28.27193,3.6338682,15.952899,16.699997,Validation,sand
370,27.672697,4.216463,15.94458,29.07,Validation,sand
371,82.416245,59.91925,71.16775,66.840004,Validation,sand
372,18.991467,-6.7304688,6.130499,5.0,Validation,sand
373,21.850567,-3.5208654,9.164851,10.349998,Validation,sand
374,48.86317,25.47794,37.170555,35.910004,Validation,sand
375,97.59889,75.1387,86.3688,85.0,Validation,sand
376,66.90488,43.79281,55.348843,54.0,Validation,sand
377,99.351944,77.05197,88.20196,97.35,Validation,sand
378,27.834177,-1.0202923,13.406942,10.419998,Validation,sand
379,26.963772,1.3117342,14.137753,13.0,Validation,sand
380,18.577246,-7.285078,5.646084,5.209999,Validation,sand
381,74.202286,51.168156,62.68522,63.84,Validation,sand
382,49.49705,25.959957,37.728504,48.42,Validation,sand
383,102.43146,79.64717,91.039314,97.21,Validation,sand
384,24.35645,-2.3762941,10.990077,11.0,Validation,sand
385,29.47961,4.161786,16.820698,15.0,Validation,sand
386,17.019838,-7.2671905,4.876324,2.1399994,Validation,sand
387,46.08223,23.224527,34.653378,32.63,Validation,sand
388,18.093039,-7.7223954,5.1853213,0.01,Validation,sand
389,26.567524,0.9243803,13.745953,12.0,Validation,sand
390,68.75129,44.971428,56.86136,50.49,Validation,sand
391,18.81832,-5.0315475,6.893386,6.279999,Validation,sand
392,35.86685,10.145298,23.006075,13.769997,Validation,sand
393,86.83287,64.01657,75.42472,88.770004,Validation,sand
394,79.76337,56.9731,68.36823,66.33,Validation,sand
395,50.478558,26.609814,38.544186,44.84,Validation,sand
396,51.280483,25.716335,38.49841,34.0,Validation,sand
397,19.787575,-8.051717,5.8679295,1.0699997,Validation,sand
398,51.5944,27.584349,39.589375,38.98,Validation,sand
399,39.868706,15.272255,27.57048,30.0,Validation,sand
400,75.99537,52.790474,64.39292,61.68,Validation,sand
401,90.14513,67.79184,78.96848,86.42,Validation,sand
402,21.915648,-2.9558544,9.479897,6.279999,Validation,sand
403,22.739656,-0.8094063,10.965125,11.279999,Validation,sand
404,32.721107,7.5219526,20.12153,16.489998,Validation,sand
405,23.975239,-3.9123716,10.031434,9.212997,Validation,sand
406,20.48457,-2.9322958,8.776136,18.419998,Validation,sand
407,16.768412,-7.131115,4.8186483,1.07,Validation,sand
408,19.856056,-7.346955,6.2545505,7.279999,Validation,sand
409,15.949008,-7.05375,4.447629,18.279999,Validation,sand
410,16.208038,-6.831874,4.6880817,14.209999,Validation,sand
411,67.4413,44.388294,55.9148,68.63,Validation,sand
412,71.581215,48.367825,59.974518,52.12,Validation,sand
413,42.701622,19.417294,31.059458,30.559998,Validation,sand
414,31.538437,8.100594,19.819515,30.419998,Validation,sand
415,22.80304,-4.0187397,9.39215,11.0,Validation,sand
416,81.377945,58.918804,70.14838,75.63,Validation,sand
417,22.670765,-4.027895,9.321435,16.25,Validation,sand
418,49.062607,24.54612,36.804363,34.4,Validation,sand
419,47.935184,23.903019,35.9191,32.84,Validation,sand
420,21.627964,-3.5979872,9.014988,7.3499985,Validation,sand
421,101.10132,77.618225,89.35977,92.0,Validation,sand
422,17.936901,-6.127494,5.904704,30.07,Validation,sand
423,19.640858,-6.8868413,6.377008,1.07,Validation,sand
424,69.51415,46.4025,57.958324,60.84,Validation,sand
425,26.556484,-1.8388548,12.358814,9.419998,Validation,sand
426,98.251785,75.6331,86.942444,94.0,Validation,sand
427,34.269833,10.099254,22.184544,21.980003,Validation,sand
428,25.828568,-0.81306267,12.507752,11.113998,Validation,sand
429,42.832714,18.513695,30.673204,30.89,Validation,sand
430,27.868158,2.00745,14.937804,17.0,Validation,sand
431,25.943474,0.0686903,13.006082,14.0,Validation,sand
432,30.586092,5.776121,18.181107,14.0,Validation,sand
433,39.14601,14.054747,26.600378,8.35,Validation,sand
434,22.205639,-1.8634138,10.171113,8.139999,Validation,sand
435,58.715446,35.030853,46.87315,42.17,Validation,sand
436,30.544426,6.308346,18.426386,27.0,Validation,sand
437,28.531021,2.355503,15.443262,12.470001,Validation,sand
438,17.94791,-7.452657,5.247627,2.1399994,Validation,sand
439,49.01833,24.738392,36.87836,33.26,Validation,sand
440,22.635473,-3.655901,9.489786,4.209999,Validation,sand
441,25.840597,-0.06623459,12.887181,14.0,Validation,sand
442,31.852516,6.6951256,19.27382,21.629997,Validation,sand
443,16.25466,-6.956639,4.64901,7.1399994,Validation,sand
444,20.975512,-3.8465195,8.564496,9.0,Validation,sand
445,20.97368,-8.129,6.42234,1.07,Validation,sand
446,20.903969,-4.602152,8.150908,6.209999,Validation,sand
447,24.907017,-1.474596,11.71621,17.56,Validation,sand
448,23.523842,-0.16978359,11.67703,5.0,Validation,sand
449,31.371696,6.6678495,19.019773,17.0,Validation,sand
450,27.120098,4.0897007,15.604899,9.349998,Validation,sand
451,21.979042,-1.2091045,10.384969,0.01,Validation,sand
452,18.680305,-6.5425987,6.0688534,2.0,Validation,sand
453,39.21999,15.346889,27.28344,34.0,Validation,sand
454,100.263336,77.82524,89.04429,92.35,Validation,sand
455,44.34867,21.038101,32.693386,28.629997,Validation,sand
456,92.39009,69.48468,80.937386,92.14,Validation,sand
457,23.172619,-0.7226982,11.22496,16.419998,Validation,sand
458,27.47062,3.886281,15.67845,14.419998,Validation,sand
459,57.6481,34.030487,45.839294,36.56,Validation,sand
460,40.551056,17.225979,28.888517,30.419998,Validation,sand
461,28.268906,4.85868,16.563793,19.559998,Validation,sand
462,65.90866,41.93757,53.923115,54.33,Validation,sand
463,27.338911,1.5898438,14.464377,23.0,Validation,sand
464,29.533531,4.1345453,16.834038,16.279999,Validation,sand
465,72.04434,48.383068,60.213703,60.33,Validation,sand
466,21.426126,-5.7920327,7.8170466,1.1419983,Validation,sand
467,16.527567,-6.5691113,4.9792275,4.647003,Validation,sand
468,25.412416,-1.622467,11.894975,7.279999,Validation,sand
469,16.725176,-6.946451,4.8893623,0.01,Validation,sand
470,35.91996,11.178145,23.549053,27.0,Validation,sand
471,28.036106,3.9533157,15.994711,13.559998,Validation,sand
472,84.76638,62.33181,73.549095,46.0,Validation,sand
473,76.99697,54.42684,65.71191,85.28,Validation,sand
474,100.43336,77.90656,89.16996,89.0,Validation,sand
475,74.506775,51.478653,62.992714,66.799995,Validation,sand
476,25.122799,0.5955639,12.859181,10.489998,Validation,sand
477,16.631685,-6.8576474,4.8870187,1.0699997,Validation,sand
478,26.905045,0.62825584,13.76665,0.01,Validation,sand
479,23.15173,-1.8047752,10.673477,4.21,Validation,sand
480,35.780266,11.639172,23.709719,22.0,Validation,sand
481,21.543163,-8.837533,6.3528147,2.0699997,Validation,sand
482,46.084686,22.253036,34.16886,28.0,Validation,sand
483,94.39067,71.65306,83.021866,80.63,Validation,sand
484,37.791985,13.32386,25.557922,20.489998,Validation,sand
485,50.513386,26.79655,38.65497,43.03,Validation,sand
486,36.19919,11.673723,23.936457,26.0,Validation,sand
487,23.095886,-2.5252333,10.285327,3.1399994,Validation,sand
488,34.166344,10.615797,22.39107,22.349998,Validation,sand
489,19.954826,-4.558558,7.698134,3.14,Validation,sand
490,67.720505,44.324566,56.022537,65.822,Validation,sand
491,84.90668,62.333847,73.62026,85.35,Validation,sand
492,42.871994,18.085342,30.478668,36.03,Validation,sand
493,82.55069,60.062744,71.30672,77.770004,Validation,sand
494,28.513247,5.08412,16.798683,17.279999,Validation,sand
495,32.664566,8.670163,20.667364,26.699997,Validation,sand
496,65.52138,42.457905,53.989643,65.770004,Validation,sand
497,27.027256,1.8990507,14.463153,14.0,Validation,sand
498,20.03984,-7.611158,6.2143416,3.0,Validation,sand
499,33.963123,10.177689,22.070406,18.349998,Validation,sand
500,35.00151,9.022993,22.012253,21.910004,Validation,sand
501,35.015778,9.401877,22.208828,27.279999,Validation,sand
502,30.176418,5.1257677,17.651093,8.42,Validation,sand
503,50.70362,26.503738,38.60368,26.769997,Validation,sand
504,17.818907,-6.4816394,5.668634,1.07,Validation,sand
505,86.53457,63.30975,74.92216,33.629997,Validation,sand
506,27.451706,0.93610954,14.193908,10.559998,Validation,sand
507,25.848114,-3.4831648,11.182474,13.699997,Validation,sand
508,28.930737,3.8922539,16.411495,12.559998,Validation,sand
509,67.82828,44.967922,56.3981,62.7,Validation,sand
510,19.902414,-7.257885,6.3222647,4.209999,Validation,sand
511,19.476955,-7.0699086,6.203523,13.279999,Validation,sand
512,29.547619,3.8055906,16.676605,15.769997,Validation,sand
513,35.22412,10.3193445,22.771732,19.419998,Validation,sand
514,30.971788,6.739561,18.855675,20.489998,Validation,sand
515,35.122707,11.012768,23.067738,20.0,Validation,sand
516,41.552917,18.38826,29.970589,41.21,Validation,sand
517,66.41173,43.18019,54.79596,51.91,Validation,sand
518,20.510983,-5.216655,7.6471634,3.14,Validation,sand
519,100.542336,78.10554,89.32394,90.0,Validation,sand
520,18.298489,-6.275054,6.011717,4.1399994,Validation,sand
521,20.597134,-4.6198206,7.988657,6.209999,Validation,sand
522,42.211952,19.170341,30.691147,26.559998,Validation,sand
523,27.095985,1.7929544,14.44447,14.0,Validation,sand
524,21.35393,-5.53594,7.9089947,6.279999,Validation,sand
525,31.926615,6.880987,19.403801,29.050003,Validation,sand
526,49.400326,25.379444,37.389885,35.54,Validation,sand
527,52.375866,28.490772,40.43332,41.1,Validation,sand
528,28.365463,2.435318,15.400391,12.699997,Validation,sand
529,20.631996,-2.8493776,8.89131,8.279999,Validation,sand
530,89.05512,66.46348,77.7593,86.0,Validation,sand
531,36.66475,11.656299,24.160524,27.0,Validation,sand
532,27.98627,2.1991549,15.092713,17.839996,Validation,sand
533,21.112362,-5.014024,8.049169,7.0,Validation,sand
534,16.506659,-6.9535537,4.7765527,0.01,Validation,sand
535,44.88532,20.480648,32.682983,38.77,Validation,sand
536,21.481476,-6.8250494,7.3282137,3.0,Validation,sand
537,43.08334,18.7681,30.92572,22.0,Validation,sand
538,37.488262,13.416337,25.4523,13.419998,Validation,sand
539,100.29635,77.99091,89.14363,90.947,Validation,sand
540,35.78193,10.62993,23.205929,26.419998,Validation,sand
541,25.792076,-0.0035963058,12.89424,13.0,Validation,sand
542,22.636183,-9.4934635,6.571359,1.0699997,Validation,sand
543,83.94158,61.055153,72.49837,88.35,Validation,sand
544,95.85276,73.2533,84.55303,83.28,Validation,sand
545,31.514677,6.9087315,19.211704,20.419998,Validation,sand
546,21.389378,-4.028962,8.680208,2.0,Validation,sand
547,55.988945,32.356483,44.172714,37.0,Validation,sand
548,19.3673,-6.732721,6.31729,4.209999,Validation,sand
549,26.374641,0.7712431,13.572942,7.419998,Validation,sand
550,17.381119,-7.446027,4.9675465,2.1399994,Validation,sand
551,63.35535,40.19695,51.77615,54.56,Validation,sand
552,61.8537,38.20611,50.029903,47.96,Validation,sand
553,67.0043,44.211407,55.607857,51.12,Validation,sand
554,30.211365,5.031743,17.621553,16.0,Validation,sand
555,35.33117,11.198397,23.264784,22.559998,Validation,sand
556,40.831112,14.683425,27.757269,29.699997,Validation,sand
557,75.36113,52.16261,63.761868,58.61,Validation,sand
558,71.37762,47.733616,59.55562,48.26,Validation,sand
559,102.52631,79.71215,91.11923,97.990204,Validation,sand
560,34.806202,11.44283,23.124516,19.98,Validation,sand
561,36.472748,12.647581,24.560163,27.699997,Validation,sand
562,26.125961,2.3303175,14.228139,9.349998,Validation,sand
563,63.051453,40.179214,51.615334,71.35,Validation,sand
564,40.53335,16.820797,28.677074,29.0,Validation,sand
565,56.729797,32.950798,44.840298,73.700005,Validation,sand
566,56.03832,31.044773,43.541546,41.12,Validation,sand
567,50.739365,25.793571,38.266468,41.12,Validation,sand
568,22.673712,-3.691677,9.491017,6.14,Validation,sand
569,31.29321,6.382949,18.83808,22.0,Validation,sand
570,22.900282,-3.0332031,9.933539,7.35,Validation,sand
571,50.542336,26.922073,38.732204,28.98,Validation,sand
572,30.52235,6.2300253,18.376188,19.0,Validation,sand
573,30.316765,5.010276,17.66352,17.0,Validation,sand
574,60.654327,37.335342,48.994835,41.68,Validation,sand
575,28.041334,4.122015,16.081675,8.0,Validation,sand
576,42.179832,18.128956,30.154394,50.63,Validation,sand
577,42.145206,18.457272,30.301239,45.28,Validation,sand
578,21.998528,-4.6405535,8.678987,5.279999,Validation,sand
579,63.75505,40.23439,51.99472,43.12,Validation,sand
580,47.984653,24.60764,36.296146,41.0,Validation,sand
581,18.254246,-6.5513277,5.8514595,4.1399994,Validation,sand
582,31.44888,7.7189713,19.583925,24.349998,Validation,sand
583,41.402847,18.282381,29.842615,17.489998,Validation,sand
584,37.00482,12.567672,24.786247,32.050003,Validation,sand
585,19.68226,-4.8353443,7.423458,3.209999,Validation,sand
586,17.33567,-6.322549,5.5065603,2.0699997,Validation,sand
587,23.813217,-3.3597498,10.226734,2.1399994,Validation,sand
588,30.883957,3.671009,17.277483,33.545,Validation,sand
589,35.992954,12.2969885,24.144972,19.0,Validation,sand
590,16.888214,-8.2903,4.298957,0.1070023,Validation,sand
591,86.13502,63.26389,74.699455,75.35,Validation,sand
592,17.765842,-6.9688396,5.3985014,0.01,Validation,sand
593,34.15001,11.004806,22.577408,23.489998,Validation,sand
594,99.41275,76.94818,88.180466,91.42,Validation,sand
595,21.434923,-5.423565,8.005679,8.0,Validation,sand
596,26.19388,0.24994469,13.221912,14.699997,Validation,sand
597,26.68606,0.9350052,13.810533,23.559998,Validation,sand
598,18.802658,-6.6933975,6.0546303,9.419998,Validation,sand
599,22.5224,-1.9638643,10.279267,88.0,Validation,sand
600,31.034513,6.8764935,18.955503,10.42,Validation,sand
601,100.93771,78.446396,89.692055,91.399,Validation,sand
602,33.761715,7.6961737,20.728945,22.98,Validation,sand
603,40.75157,13.915154,27.333363,29.470001,Validation,sand
604,50.553497,27.381317,38.967407,38.98,Validation,sand
605,90.64237,68.366905,79.50464,92.082,Validation,sand
606,26.374275,0.36374378,13.36901,16.0,Validation,sand
607,30.684704,5.7032576,18.193981,18.0,Validation,sand
608,16.599354,-6.5252414,5.0370564,0.01,Validation,sand
609,98.3444,75.00707,86.675735,89.49,Validation,sand
610,59.114227,35.61052,47.362373,46.63,Validation,sand
611,37.862167,12.126638,24.994404,20.050003,Validation,sand
612,25.088078,-0.55991364,12.264082,19.0,Validation,sand
613,27.367718,1.0394945,14.203607,11.49,Validation,sand
614,56.79033,33.23284,45.011585,44.19,Validation,sand
615,27.516308,2.303174,14.90974,10.139999,Validation,sand
616,34.285168,10.093286,22.189226,22.0,Validation,sand
617,67.08243,43.945854,55.51414,54.12,Validation,sand
618,44.81282,20.82485,32.818836,27.980003,Validation,sand
619,21.465338,-3.5499687,8.9576845,12.419998,Validation,sand
620,66.26336,42.737747,54.500553,50.98,Validation,sand
621,16.384441,-6.777257,4.8035927,0.01,Validation,sand
622,28.020927,2.382392,15.20166,25.980003,Validation,sand
623,75.809074,51.495625,63.652348,97.21,Validation,sand
624,57.672752,34.114273,45.893513,48.61,Validation,sand
625,57.334736,33.232044,45.28339,50.63,Validation,sand
626,49.91665,25.919466,37.918056,46.54,Validation,sand
627,64.23291,41.0946,52.663754,57.7,Validation,sand
628,26.494879,0.40363503,13.449257,10.0,Validation,sand
629,22.228,-3.2444363,9.491782,5.7939987,Validation,sand
630,39.080822,15.335812,27.208317,23.21,Validation,sand
631,55.991302,31.795141,43.893223,51.59,Validation,sand
632,37.20674,11.634147,24.420444,22.050003,Validation,sand
633,46.320892,22.514618,34.417755,40.0,Validation,sand
634,47.332565,23.211073,35.27182,28.699997,Validation,sand
635,45.11285,21.37489,33.24387,28.419998,Validation,sand
636,17.611729,-5.730654,5.9405375,0.01,Validation,sand
637,35.0515,9.8074045,22.429451,20.050003,Validation,sand
638,20.30451,-7.912392,6.1960588,2.1399994,Validation,sand
639,51.13731,27.264668,39.20099,42.7,Validation,sand
640,25.199768,0.8815527,13.04066,7.3499985,Validation,sand
641,18.088524,-5.6397543,6.2243843,6.1399994,Validation,sand
642,100.17931,77.73284,88.95608,92.840004,Validation,sand
643,68.94151,45.44773,57.194622,63.7,Validation,sand
644,59.541584,36.48022,48.010902,52.56,Validation,sand
645,67.9978,44.85681,56.427307,69.26,Validation,sand
646,22.627117,-4.6808834,8.973117,5.7289963,Validation,sand
647,19.136189,-7.835143,5.650523,0.009999,Validation,sand
648,31.934994,9.044338,20.489666,15.489998,Validation,sand
649,37.041306,13.075861,25.058582,21.489998,Validation,sand
650,29.022825,2.786497,15.904661,8.706001,Validation,sand
651,21.910639,-4.24963,8.830504,4.209999,Validation,sand
652,35.83263,11.1024475,23.467539,35.0,Validation,sand
653,17.734602,-7.371456,5.181573,2.0699997,Validation,sand
654,39.182926,15.137624,27.160275,32.980003,Validation,sand
655,63.71688,39.74575,51.731316,48.61,Validation,sand
656,35.02403,10.625337,22.824682,24.0,Validation,sand
657,37.663963,13.354077,25.50902,24.910004,Validation,sand
658,32.54751,8.211166,20.379337,4.209999,Validation,sand
659,54.856697,29.873245,42.36497,30.629997,Validation,sand
660,33.73673,1.937993,17.83736,15.629997,Validation,sand
661,46.91402,21.680935,34.297478,22.279999,Validation,sand
662,35.45266,8.7846,22.11863,22.330002,Validation,sand
663,28.78921,3.6272564,16.208233,20.0,Validation,sand
664,17.725649,-5.7159557,6.0048466,21.21,Validation,sand
665,43.831196,20.226406,32.0288,33.769997,Validation,sand
666,37.31145,12.502136,24.906794,25.0,Validation,sand
667,33.66843,9.309132,21.488781,6.0699997,Validation,sand
668,71.1839,47.256393,59.220146,74.979996,Validation,sand
669,28.565163,2.7263327,15.645748,17.0,Validation,sand
670,22.736996,-3.0548544,9.84107,4.209999,Validation,sand
671,34.26193,9.4936075,21.877768,27.419998,Validation,sand
672,45.99536,22.183088,34.089226,34.0,Validation,sand
673,72.40372,48.802334,60.603024,62.997,Validation,sand
674,57.18569,33.887985,45.53684,40.19,Validation,sand
675,47.343796,24.57345,35.958622,30.7,Validation,sand
676,33.648766,9.5612955,21.60503,29.0,Validation,sand
677,91.52748,68.67383,80.100655,88.909996,Validation,sand
678,96.98375,74.677246,85.8305,90.56,Validation,sand
679,51.91383,28.859203,40.386517,46.56,Validation,sand
680,16.212057,-6.9082217,4.651918,0.01,Validation,sand
681,19.43018,-6.1533484,6.638416,8.279999,Validation,sand
682,30.097935,4.317952,17.207943,21.0,Validation,sand
683,43.787605,18.933407,31.360506,35.42,Validation,sand
684,94.01869,71.707275,82.86298,91.05,Validation,sand
685,21.933962,-6.6473427,7.6433096,5.279999,Validation,sand
686,19.605572,-3.6697874,7.9678917,5.1399994,Validation,sand
687,65.62742,42.721428,54.174423,65.119995,Validation,sand
688,53.174374,28.661388,40.91788,41.91,Validation,sand
689,26.35603,0.9336271,13.644828,16.0,Validation,sand
690,79.13464,55.843903,67.48927,51.19,Validation,sand
691,62.570915,39.34613,50.958523,51.7,Validation,sand
692,28.689762,4.151271,16.420517,16.839996,Validation,sand
693,17.809187,-6.08818,5.8605037,1.0699997,Validation,sand
694,62.005615,38.58986,50.297737,52.63,Validation,sand
695,31.235664,7.0471525,19.141409,18.0,Validation,sand
696,18.799627,-6.6493125,6.0751576,7.0,Validation,sand
697,70.686005,47.782963,59.23448,54.0,Validation,sand
698,25.313583,0.5566673,12.935125,18.0,Validation,sand
699,97.51392,75.03802,86.27597,86.49,Validation,sand
700,33.10203,9.117608,21.10982,26.349998,Validation,sand
701,18.84057,-7.274729,5.782921,1.0,Validation,sand
702,20.071083,-7.0226946,6.524194,5.279999,Validation,sand
703,75.476494,52.520645,63.99857,73.35,Validation,sand
704,34.776123,9.874233,22.325178,19.839996,Validation,sand
705,79.221344,56.608295,67.91482,86.42,Validation,sand
706,35.442078,9.069055,22.255566,27.769997,Validation,sand
707,34.408543,8.501487,21.455015,10.629997,Validation,sand
708,17.881384,-5.8364196,6.0224824,2.0,Validation,sand
709,33.766098,9.294152,21.530125,18.699997,Validation,sand
710,37.14987,12.969656,25.059763,11.629997,Validation,sand
711,26.809141,1.0252762,13.917209,11.489998,Validation,sand
712,19.666882,-4.077788,7.7945466,8.139999,Validation,sand
713,91.831314,69.29701,80.56416,76.0,Validation,sand
714,27.798409,2.3581991,15.078303,14.0,Validation,sand
715,36.909367,13.059025,24.984196,20.77,Validation,sand
716,57.968277,33.579536,45.773907,52.05,Validation,sand
717,16.458519,-6.685432,4.8865438,0.01,Validation,sand
718,20.35376,-8.758095,5.7978325,2.0699997,Validation,sand
719,51.31846,27.969917,39.644188,36.77,Validation,sand
720,38.76708,14.376386,26.571732,26.699997,Validation,sand
721,27.002739,-0.8575678,13.072586,13.559998,Validation,sand
722,22.937428,-0.5689831,11.184222,16.515999,Validation,sand
723,75.09294,52.209225,63.65108,68.12,Validation,sand
724,28.118277,0.9696045,14.543941,15.559998,Validation,sand
725,20.531288,-3.9710321,8.2801285,8.07,Validation,sand
726,26.087051,-0.3239193,12.881566,10.209999,Validation,sand
727,90.64631,68.12777,79.38704,99.98,Validation,sand
728,30.80138,6.4335747,18.617477,27.489998,Validation,sand
729,83.01719,59.68122,71.349205,74.35,Validation,sand
730,51.1718,27.669626,39.42071,42.465,Validation,sand
731,40.230392,13.243988,26.73719,57.846,Validation,sand
732,25.295597,0.3673334,12.831465,13.349998,Validation,sand
733,21.150335,-5.549599,7.800368,50.24,Validation,sand
734,31.135605,5.993087,18.564346,10.489998,Validation,sand
735,19.782177,-8.269013,5.7565813,1.0699997,Validation,sand
736,33.305325,7.8476515,20.576488,8.209999,Validation,sand
737,102.8782,79.86767,91.37293,99.98,Validation,sand
738,25.614077,0.36279106,12.988434,9.334,Validation,sand
739,40.469643,16.71661,28.593126,32.880997,Validation,sand
740,22.887451,-3.9348974,9.476277,6.8410034,Validation,sand
741,38.91597,13.7008,26.308386,14.629997,Validation,sand
742,58.30733,34.331203,46.319267,51.12,Validation,sand
743,85.780235,63.43852,74.609375,91.289,Validation,sand
744,26.007427,1.7150373,13.861232,11.49,Validation,sand
745,16.461569,-7.6908054,4.3853817,0.2139969,Validation,sand
746,23.041695,-4.270503,9.385595,5.8639984,Validation,sand
747,46.403996,21.537579,33.970787,37.12,Validation,sand
748,20.886549,-7.865666,6.5104413,3.209999,Validation,sand
749,74.686066,52.0256,63.355835,80.28,Validation,sand
750,29.973728,4.840378,17.407053,16.0,Validation,sand
751,18.700748,-6.2301126,6.2353177,4.602997,Validation,sand
752,74.583084,49.96045,62.271767,70.42,Validation,sand
753,20.776024,-2.9196558,8.9281845,3.1399994,Validation,sand
754,16.513409,-6.695487,4.9089613,1.0699997,Validation,sand
755,100.24036,77.17026,88.70531,94.0,Validation,sand
756,19.51725,-4.439399,7.538926,3.1399994,Validation,sand
757,22.341457,-2.8904428,9.725507,8.419998,Validation,sand
758,32.525253,7.0795403,19.802397,21.0,Validation,sand
759,68.499825,45.535057,57.01744,59.63,Validation,sand
760,16.996645,-6.9112077,5.0427184,7.0699997,Validation,sand
761,96.54513,73.997246,85.27119,86.35,Validation,sand
762,25.327875,2.317772,13.822824,8.279999,Validation,sand
763,24.433052,0.47216702,12.452609,8.279999,Validation,sand
764,46.053802,21.625381,33.839592,47.98,Validation,sand
765,24.707611,0.7671604,12.737386,12.139999,Validation,sand
766,43.2732,19.68789,31.480545,23.699997,Validation,sand
767,31.185318,5.837701,18.511509,23.0,Validation,sand
768,49.04936,25.758816,37.404087,33.629997,Validation,sand
769,22.708038,-2.4858236,10.111108,6.279999,Validation,sand
770,45.474052,21.168066,33.32106,29.68,Validation,sand
771,26.335743,2.178175,14.256959,13.0,Validation,sand
772,28.188251,2.7392979,15.463775,9.916,Validation,sand
773,35.414215,12.214829,23.814522,16.84,Validation,sand
774,27.952314,1.6525135,14.802414,17.63,Validation,sand
775,26.356812,0.6680527,13.512432,21.0,Validation,sand
776,25.555397,0.94765186,13.251525,1.0699997,Validation,sand
777,21.137138,-3.908966,8.614086,4.279999,Validation,sand
778,94.692314,72.415215,83.553764,80.56,Validation,sand
779,96.4494,73.71422,85.08181,93.28,Validation,sand
780,74.99419,51.456635,63.22541,71.35,Validation,sand
781,20.890476,-3.519308,8.685584,11.279999,Validation,sand
782,34.3379,10.422216,22.380058,27.0,Validation,sand
783,35.064144,11.16142,23.112782,20.0,Validation,sand
784,67.62466,44.714073,56.169365,56.05,Validation,sand
785,86.75051,63.578266,75.16439,83.700005,Validation,sand
786,28.710606,4.5416346,16.62612,18.0,Validation,sand
787,22.433624,-2.3126984,10.060463,9.349998,Validation,sand
788,66.551445,42.68463,54.61804,58.361,Validation,sand
789,21.92852,-3.4220839,9.253219,7.3499985,Validation,sand
790,21.89545,-5.5350466,8.1802025,5.7730026,Validation,sand
791,27.92389,2.5530548,15.238472,19.0,Validation,sand
792,44.41023,20.43047,32.42035,29.699997,Validation,sand
793,42.095238,18.434116,30.264677,34.0,Validation,sand
794,28.11629,3.6324615,15.874375,19.0,Validation,sand
795,63.205395,39.76015,51.482773,69.49,Validation,sand
796,23.255476,-4.3943443,9.430566,4.279999,Validation,sand
797,51.504303,28.23112,39.86771,48.17,Validation,sand
798,27.776546,2.2552853,15.015916,14.0,Validation,sand
799,35.16578,10.563681,22.864729,24.0,Validation,sand
800,27.006409,0.89226437,13.949336,10.0,Validation,sand
801,25.406836,0.45568085,12.931258,15.769997,Validation,sand
802,57.30741,33.644188,45.4758,33.05,Validation,sand
803,46.175426,22.001362,34.088394,49.56,Validation,sand
804,23.442146,-2.470232,10.485957,9.0,Validation,sand
805,61.416046,37.123093,49.26957,76.42,Validation,sand
806,67.73723,44.773098,56.25516,55.54,Validation,sand
807,18.44586,-7.6838107,5.381025,1.0,Validation,sand
808,50.92968,26.505407,38.717545,50.91,Validation,sand
809,101.265656,79.0116,90.138626,89.0,Validation,sand
810,100.13916,77.87369,89.006424,92.0,Validation,sand
811,56.273754,32.529934,44.401844,49.77,Validation,sand
812,72.35219,47.238384,59.795284,46.49,Validation,sand
813,38.814392,14.331534,26.572964,28.419998,Validation,sand
814,19.148855,-8.050194,5.54933,3.0699997,Validation,sand
815,32.324703,6.8229876,19.573845,20.559998,Validation,sand
816,42.986374,19.173458,31.079916,29.0,Validation,sand
817,29.065916,4.4812717,16.773594,9.349998,Validation,sand
818,55.936897,32.264465,44.10068,45.63,Validation,sand
819,18.58273,-4.1453857,7.218672,20.32,Validation,sand
820,21.706451,-4.699396,8.503528,16.419998,Validation,sand
821,26.00782,0.7453251,13.376573,20.349998,Validation,sand
822,66.05409,43.437683,54.745888,61.0,Validation,sand
823,27.54499,1.8668566,14.705923,20.703003,Validation,sand
824,100.59572,78.11119,89.353455,98.105,Validation,sand
825,22.57014,-4.779274,8.895433,12.453003,Validation,sand
826,26.723684,1.9203663,14.322025,12.629997,Validation,sand
827,61.371185,37.689774,49.53048,54.54,Validation,sand
828,40.8164,15.325852,28.071125,25.279999,Validation,sand
829,26.225365,-0.30386162,12.960752,10.349998,Validation,sand
830,28.92978,4.5075607,16.71867,9.349998,Validation,sand
831,29.975822,5.116356,17.54609,16.0,Validation,sand
832,40.146866,16.700418,28.423641,26.559998,Validation,sand
833,36.73757,12.976358,24.856964,24.98,Validation,sand
834,37.756695,10.975845,24.36627,21.419998,Validation,sand
835,37.110123,11.546018,24.32807,22.349998,Validation,sand
836,34.314766,10.270975,22.29287,21.922997,Validation,sand
837,35.637905,11.701329,23.669617,10.56,Validation,sand
838,18.560898,-7.926112,5.3173933,2.0,Validation,sand
839,35.78329,12.087049,23.93517,21.7,Validation,sand
840,25.652815,-0.7742367,12.439289,7.0,Validation,sand
841,21.90447,-1.188139,10.358166,4.663002,Validation,sand
842,72.46712,49.715332,61.091225,70.770004,Validation,sand
843,34.333023,10.921328,22.627174,23.559998,Validation,sand
844,29.588486,4.39542,16.991953,25.963997,Validation,sand
845,69.43415,46.07611,57.75513,55.84,Validation,sand
846,17.252544,-6.855291,5.198627,3.209999,Validation,sand
847,48.11055,24.09919,36.10487,27.54,Validation,sand
848,27.480598,1.5346651,14.507631,16.49,Validation,sand
849,29.842468,4.7662477,17.304358,20.699997,Validation,sand
850,34.683846,11.623193,23.153519,31.050003,Validation,sand
851,22.194202,-4.734994,8.729605,8.653,Validation,sand
852,32.178776,5.745219,18.961998,20.120003,Validation,sand
853,30.059963,4.6580696,17.359016,16.0,Validation,sand
854,16.555416,-6.7883835,4.8835163,1.0,Validation,sand
855,21.84161,-4.621688,8.609961,5.279999,Validation,sand
856,36.127678,10.387978,23.257828,28.77,Validation,sand
857,25.528645,-0.28835583,12.620145,12.0,Validation,sand
858,69.41836,46.36504,57.8917,50.12,Validation,sand
859,31.645752,6.7732153,19.209484,22.0,Validation,sand
860,20.758123,-3.5787125,8.589705,2.0699997,Validation,sand
861,38.009594,14.634564,26.322079,28.374,Validation,sand
862,54.54441,30.904982,42.724697,52.56,Validation,sand
863,24.551773,-2.14647,11.202651,17.559998,Validation,sand
864,31.526964,6.4899044,19.008434,28.0,Validation,sand
865,30.029533,5.3718414,17.700687,19.0,Validation,sand
866,21.900883,-5.564907,8.167988,7.580002,Validation,sand
867,45.980644,20.90889,33.444767,25.980003,Validation,sand
868,97.15104,74.86256,86.0068,91.0,Validation,sand
869,30.72374,6.313422,18.518581,24.0,Validation,sand
870,28.905499,4.5051155,16.705307,6.279999,Validation,sand
871,17.454468,-5.987674,5.733397,2.0699997,Validation,sand
872,64.83851,41.55122,53.194866,47.05,Validation,sand
873,102.12971,79.59638,90.863045,92.7,Validation,sand
874,59.451054,34.578335,47.014694,53.98,Validation,sand
875,96.92362,74.78158,85.8526,85.28,Validation,sand
876,52.44692,28.912632,40.679775,54.49,Validation,sand
877,25.554,-0.71065617,12.421673,1.0,Validation,sand
878,19.692265,-3.3061895,8.193038,2.0699997,Validation,sand
879,27.731222,1.8418541,14.786538,6.419998,Validation,sand
880,17.474712,-6.544429,5.4651413,3.0699997,Validation,sand
881,21.691729,-1.4652748,10.113227,16.279999,Validation,sand
882,25.718777,0.19753742,12.958158,20.0,Validation,sand
883,62.028725,39.00506,50.51689,51.42,Validation,sand
884,43.92334,20.37396,32.14865,26.839996,Validation,sand
885,24.203033,-2.210332,10.99635,11.699997,Validation,sand
886,20.319902,-4.3564124,7.9817452,9.010002,Validation,sand
887,25.981792,-0.012401581,12.984695,11.489998,Validation,sand
888,24.026726,-0.085469246,11.970629,13.56,Validation,sand
889,19.951616,-6.9787507,6.4864326,3.1399994,Validation,sand
890,48.445183,25.160612,36.8029,53.0,Validation,sand
891,19.399185,-6.6508245,6.37418,2.0,Validation,sand
892,23.562595,-2.667944,10.447326,26.91,Validation,sand
893,44.001133,18.669056,31.335094,44.63,Validation,sand
894,22.108593,-5.344533,8.38203,1.0699997,Validation,sand
895,68.996284,46.079823,57.538055,58.0,Validation,sand
896,92.149414,69.838806,80.99411,82.63,Validation,sand
897,24.729504,-2.453452,11.138026,10.964996,Validation,sand
898,97.42012,74.58937,86.004745,93.21,Validation,sand
899,51.293457,27.270264,39.28186,46.1,Validation,sand
900,16.574686,-6.8880863,4.8433,2.0699997,Validation,sand
901,45.442722,21.899784,33.671253,29.260002,Validation,sand
902,29.320898,5.3583736,17.339636,18.0,Validation,sand
903,20.926565,-3.8936691,8.516448,7.419998,Validation,sand
904,21.392704,-4.45844,8.467133,7.209999,Validation,sand
905,20.09694,-7.0501046,6.523417,5.279999,Validation,sand
906,68.14881,44.59659,56.3727,55.91,Validation,sand
907,44.319324,19.770634,32.04498,20.839996,Validation,sand
908,63.022514,39.072517,51.047516,43.12,Validation,sand
909,78.15354,55.160435,66.65699,62.28,Validation,sand
910,36.160534,11.848145,24.00434,12.629997,Validation,sand
911,26.983757,4.084386,15.534072,18.559998,Validation,sand
912,24.9564,-0.047433853,12.454483,4.209999,Validation,sand
913,34.09326,9.193121,21.64319,29.0,Validation,sand
914,69.570465,45.759705,57.665085,61.35,Validation,sand
915,39.267235,14.828245,27.047739,30.0,Validation,sand
916,22.141384,-3.9145193,9.113432,0.01,Validation,sand
917,20.235027,-8.602315,5.8163567,2.1399994,Validation,sand
918,29.500835,4.8981276,17.199482,10.419998,Validation,sand
919,38.732155,15.154724,26.94344,33.489998,Validation,sand
920,30.957195,5.6332903,18.295242,19.0,Validation,sand
921,33.226006,7.385565,20.305784,25.489998,Validation,sand
922,32.87886,8.716793,20.797827,18.559998,Validation,sand
923,33.919464,8.7579975,21.33873,19.0,Validation,sand
924,20.63393,-8.387508,6.123211,3.14,Validation,sand
925,26.485739,-1.4292507,12.528244,16.489998,Validation,sand
926,44.177372,20.101597,32.139484,33.699997,Validation,sand
927,57.99484,33.646038,45.82044,48.56,Validation,sand
928,81.75883,58.589176,70.174,80.42,Validation,sand
929,97.87157,75.32208,86.596825,52.52,Validation,sand
930,50.423058,26.77321,38.598133,36.12,Validation,sand
931,20.856184,-6.2201157,7.318034,2.1399994,Validation,sand
932,23.034798,-1.0115805,11.011609,8.209999,Validation,sand
933,19.61381,-6.3754144,6.6191974,2.0699997,Validation,sand
934,31.855,7.8415565,19.848278,12.349998,Validation,sand
935,52.854343,28.49644,40.675392,31.050003,Validation,sand
936,23.180555,-3.7964497,9.692053,8.0,Validation,sand
937,30.634113,4.135957,17.385035,18.559998,Validation,sand
938,28.55614,3.3287172,15.94243,7.3499985,Validation,sand
939,26.155243,0.9445677,13.549906,14.0,Validation,sand
940,18.325125,-4.6996365,6.812744,6.279999,Validation,sand
941,26.264908,0.5858536,13.425381,12.0,Validation,sand
942,21.139095,-6.215836,7.4616294,28.470001,Validation,sand
943,24.328543,-2.753399,10.787572,11.0,Validation,sand
944,27.459791,2.9362602,15.198026,16.0,Validation,sand
945,47.04635,22.719292,34.88282,51.495,Validation,sand
946,22.226727,-2.191599,10.017564,7.3499985,Validation,sand
947,46.671207,21.78561,34.22841,39.45,Validation,sand
948,36.659687,12.739072,24.699379,22.559998,Validation,sand
949,28.6433,3.2051973,15.924248,14.629997,Validation,sand
950,99.74016,76.362885,88.05152,93.21,Validation,sand
951,19.551188,-3.5661569,7.992515,2.8980026,Validation,sand
952,22.79719,-4.6478615,9.074664,12.0,Validation,sand
953,44.82185,20.448116,32.634983,23.980003,Validation,sand
954,28.425453,2.8579664,15.641709,7.3499985,Validation,sand
955,18.067154,-6.4184866,5.824333,1.0699997,Validation,sand
956,43.683147,19.921276,31.802212,36.98,Validation,sand
957,40.11323,15.76799,27.94061,72.49,Validation,sand
958,22.156666,-2.2338161,9.961425,5.209999,Validation,sand
959,34.650696,8.073133,21.361914,17.839996,Validation,sand
960,26.031574,-2.322627,11.854474,12.629997,Validation,sand
961,45.921257,22.16855,34.044903,48.0,Validation,sand
962,30.951643,6.2530727,18.602358,21.0,Validation,sand
963,24.540165,-2.5581503,10.991008,6.3499985,Validation,sand
964,34.790825,10.201661,22.496243,20.699997,Validation,sand
965,62.28899,39.396313,50.84265,50.35,Validation,sand
966,61.21907,37.834747,49.52691,54.0,Validation,sand
967,23.449833,-1.3482637,11.050784,16.0,Validation,sand
968,27.203987,3.7807283,15.492358,11.279999,Validation,sand
969,71.87994,48.267864,60.0739,26.559998,Validation,sand
970,17.169792,-7.0845013,5.0426455,1.0699997,Validation,sand
971,42.71913,17.863592,30.291363,40.54,Validation,sand
972,49.39723,26.34689,37.87206,34.84,Validation,sand
973,32.501007,7.6012278,20.051117,17.0,Validation,sand
974,19.233095,-7.669586,5.7817545,3.21,Validation,sand
975,26.317772,0.47456074,13.396166,13.0,Validation,sand
976,29.25985,3.394165,16.327007,14.629997,Validation,sand
977,29.981945,1.9168787,15.949412,20.699997,Validation,sand
978,96.17226,73.35634,84.7643,89.062004,Validation,sand
979,19.877256,-7.0666814,6.4052873,2.0,Validation,sand
980,17.531595,-7.0432715,5.244162,0.01,Validation,sand
981,50.171104,25.720331,37.945717,79.37,Validation,sand
982,21.326332,-5.2429924,8.04167,7.0,Validation,sand
983,55.398193,31.6595,43.528847,48.31,Validation,sand
984,25.568012,2.5482082,14.05811,4.1399994,Validation,sand
985,21.23276,-4.5643215,8.334219,3.0,Validation,sand
986,17.869812,-7.0212307,5.4242907,0.01,Validation,sand
987,95.11565,72.24167,83.67866,86.63,Validation,sand
988,19.027752,-6.843056,6.0923476,3.0699997,Validation,sand
989,16.458927,-7.084031,4.6874475,2.0699997,Validation,sand
990,25.619274,-0.81083393,12.40422,12.699997,Validation,sand
991,16.497334,-6.933751,4.7817917,6.0699997,Validation,sand
992,60.184322,36.99541,48.589867,63.148,Validation,sand
993,61.476254,37.31011,49.39318,55.91,Validation,sand
994,45.860573,22.223768,34.04217,35.0,Validation,sand
995,65.51069,42.97048,54.240585,46.0,Validation,sand
996,29.668125,5.4793406,17.573732,15.0,Validation,sand
997,29.724834,3.9416656,16.83325,19.0,Validation,sand
998,66.86511,43.75856,55.311836,64.36,Validation,sand
999,64.37322,38.706116,51.53967,42.98,Validation,sand
1000,77.75204,54.92287,66.337456,74.0,Validation,sand
1001,48.72136,24.653503,36.68743,36.91,Validation,sand
1002,31.585655,6.950898,19.268276,15.959999,Validation,sand
1003,63.3221,39.8187,51.5704,40.96,Validation,sand
1004,20.76653,-4.471484,8.147523,8.0,Validation,sand
